testdataQC/live_realtime_demo.cnv
* Sea-Bird SBE 9 Data File:
* FileName = testdataQC/live_realtime_demo.hex
* Software Version Seasave V 7.26.7.110
* Temperature SN = 5932
* Conductivity SN = 3168
* Number of Bytes Per Scan = 41
* Number of Voltage Words = 4
* Number of Scans Averaged by the Deck Unit = 1
* NMEA Latitude = 33 52.13 S
* NMEA Longitude = 151 12.56 E
* NMEA UTC (Time) = Oct 07 2025  03:55:58
** Operator: Ella
** CTD config:
** Ship: Investigator
** Cruise: in2020_v09
** Station:  7
** Latitude:
** Longitude:
** Depth:
# nquan = 17
# nvalues = 0
# units = specified
# name 0 = t090C: Temperature [ITS-90, deg C]
# name 1 = c0S/m: Conductivity [S/m]
# name 2 = prDM: Pressure, Digiquartz [db]
# name 3 = t190C: Temperature, 2 [ITS-90, deg C]
# name 4 = c1S/m: Conductivity, 2 [S/m]
# name 5 = sbeox0Mm/L: Oxygen, SBE 43 [umol/l]
# name 6 = sbeox1Mm/L: Oxygen, SBE 43, 2 [umol/l]
# name 7 = par: PAR/Irradiance, Biospherical/Licor [umol photons/m^2/sec]
# name 8 = CStarTr0: Beam Transmission, WET Labs C-Star [%]
# name 9 = sal00: Salinity, Practical [PSU]
# name 10 = sal11: Salinity, Practical, 2 [PSU]
# name 11 = scan: Scan Count
# name 12 = timeS: Time, Elapsed [seconds]
# name 13 = pumps: Pump Status
# name 14 = latitude: Latitude [deg]
# name 15 = longitude: Longitude [deg]
# name 16 = flag: 0.000e+00
# span 0 =      12.3276,      21.6890
# span 1 =     4.055418,     5.027629
# span 2 =        1.956,      292.795
# span 3 =      12.3361,      21.6988
# span 4 =     4.055566,     5.027419
# span 5 =     172.3590,     253.4380
# span 6 =     168.4760,     247.1880
# span 7 =   1.0000e-12,   3.2782e-05
# span 8 =      84.6324,      98.2135
# span 9 =      35.0889,      35.8769
# span 10 =      35.0814,      35.8393
# span 11 =            1,       304611
# span 12 =       0.0000,   12692.0830
# span 13 =            1,            1
# span 14 =     -35.5746,     -35.2062
# span 15 =     154.3095,     154.3313
# span 16 =   0.0000e+00,   0.0000e+00
# interval = seconds: 1.0
# start_time = Oct 07 2025 03:55:58 [System UTC, first data scan.]
# bad_flag = -9.99e-29
*END*
[from data line 3765]
   16.9843   4.538081    144.602    16.9387   4.535685    202.477    205.009 2.4732e-06    96.4681    35.4823    35.4642       2594   2593.000          1  -33.97931  151.03432  0.000e+00
   16.9362   4.543737    143.076    17.0923   4.534228    207.033    204.587 4.4080e-06    89.1858    35.4794    35.4709        640    639.000          1  -33.89607  151.16613  0.000e+00
   16.9744   4.536624    142.396    17.0775   4.532671    198.238    205.053 2.0024e-06    85.8616    35.4118    35.4884       1253   1252.000          1  -33.92218  151.12478  0.000e+00
   16.8867   4.543628    148.875    16.9924   4.539988    211.129    212.042 3.5402e-06    91.0962    35.5127    35.4557        472    471.000          1  -33.88891  151.17746  0.000e+00
   16.8940   4.540416    142.187    16.9664   4.551311    217.793    209.934 1.5538e-06    88.9993    35.4715    35.4613        498    497.000          1  -33.89002  151.17571  0.000e+00
   16.9550   4.532736    154.028    17.1074   4.537674    213.949    218.064 2.9542e-06    92.6767    35.4740    35.5089        995    994.000          1  -33.91119  151.14218  0.000e+00
   17.0293   4.542169    143.074    17.1354   4.532993    213.266    207.337 8.3604e-06    91.4730    35.4575    35.4503       1083   1082.000          1  -33.91494  151.13624  0.000e+00
   17.0378   4.544310    146.128    17.0940   4.545498    208.628    201.815 1.0000e-12    87.3987    35.4681    35.4291        752    751.000          1  -33.90084  151.15857  0.000e+00
   16.9860   4.537958    144.573    16.9356   4.535425    202.772    205.153 4.6380e-06    96.3266    35.4825    35.4638       2595   2594.000          1  -33.97935  151.03425  0.000e+00
   16.9347   4.543604    143.172    17.0938   4.534348    206.465    204.677 5.5258e-06    89.1367    35.4800    35.4686        641    640.000          1  -33.89611  151.16606  0.000e+00
   16.9779   4.536603    142.630    17.0762   4.532930    198.777    204.827 2.8186e-06    85.8452    35.4112    35.4888       1254   1253.000          1  -33.92222  151.12471  0.000e+00
   16.8869   4.543802    148.610    16.9908   4.540145    211.106    212.195 5.2004e-06    91.1932    35.5132    35.4556        473    472.000          1  -33.88895  151.17739  0.000e+00
   16.8905   4.540380    142.278    16.9696   4.551417    217.675    210.016 2.5565e-06    88.7794    35.4706    35.4626        499    498.000          1  -33.89006  151.17564  0.000e+00
   16.9513   4.532966    153.916    17.1085   4.537788    213.910    217.978 2.5226e-06    92.5484    35.4757    35.5084        996    995.000          1  -33.91123  151.14211  0.000e+00
   17.0297   4.542031    143.010    17.1365   4.532839    213.092    207.263 6.8555e-06    91.5223    35.4578    35.4518       1084   1083.000          1  -33.91498  151.13618  0.000e+00
   17.0435   4.544314    145.987    17.0940   4.545858    208.643    201.816 2.0893e-06    87.4600    35.4682    35.4289        753    752.000          1  -33.90088  151.15851  0.000e+00
   16.9857   4.538071    144.768    16.9356   4.535737    202.680    205.019 6.6500e-06    96.3128    35.4811    35.4657       2596   2595.000          1  -33.97940  151.03418  0.000e+00
   16.9325   4.543663    143.391    17.0899   4.534063    206.699    204.463 5.9970e-06    89.2215    35.4809    35.4679        642    641.000          1  -33.89615  151.16599  0.000e+00
   16.9792   4.536644    142.616    17.0833   4.532963    198.543    204.754 3.3732e-06    85.7865    35.4101    35.4868       1255   1254.000          1  -33.92227  151.12464  0.000e+00
   16.8928   4.543542    148.640    16.9973   4.540493    210.969    211.887 4.8244e-06    91.0832    35.5140    35.4560        474    473.000          1  -33.88899  151.17733  0.000e+00
   16.8894   4.540341    142.303    16.9672   4.551391    217.412    210.025 2.7892e-06    88.8678    35.4694    35.4625        500    499.000          1  -33.89010  151.17557  0.000e+00
   16.9523   4.532902    154.098    17.1105   4.537943    213.927    218.023 1.0000e-12    92.4944    35.4756    35.5086        997    996.000          1  -33.91127  151.14205  0.000e+00
   17.0279   4.542095    142.765    17.1402   4.532971    213.164    207.143 7.3219e-06    91.4223    35.4593    35.4503       1085   1084.000          1  -33.91502  151.13611  0.000e+00
   17.0412   4.544354    145.909    17.0953   4.545793    208.713    201.532 2.3354e-06    87.4257    35.4685    35.4274        754    753.000          1  -33.90092  151.15844  0.000e+00
   16.9835   4.538437    144.923    16.9387   4.535614    202.482    204.880 7.0579e-06    96.3439    35.4810    35.4660       2597   2596.000          1  -33.97944  151.03412  0.000e+00
   16.9375   4.543665    143.396    17.0901   4.533983    206.674    204.720 5.1284e-06    89.1451    35.4829    35.4669        643    642.000          1  -33.89619  151.16593  0.000e+00
   16.9772   4.536218    142.635    17.0828   4.532948    198.557    204.680 8.6869e-06    85.8799    35.4095    35.4863       1256   1255.000          1  -33.92231  151.12457  0.000e+00
   16.8917   4.543500    148.643    16.9966   4.540493    211.012    211.877 5.3566e-06    90.9765    35.5138    35.4561        475    474.000          1  -33.88904  151.17726  0.000e+00
   16.8899   4.540366    142.345    16.9667   4.551476    217.468    210.285 2.5310e-06    88.9447    35.4700    35.4614        501    500.000          1  -33.89014  151.17550  0.000e+00
   16.9488   4.532609    154.084    17.1103   4.538084    214.110    218.331 2.0146e-06    92.3635    35.4750    35.5095        998    997.000          1  -33.91132  151.14198  0.000e+00
   17.0251   4.542251    142.608    17.1349   4.533142    212.775    207.283 8.1010e-06    91.3878    35.4586    35.4522       1086   1085.000          1  -33.91507  151.13604  0.000e+00
   17.0421   4.544464    145.775    17.0965   4.545843    208.715    201.406 2.8315e-06    87.3065    35.4678    35.4268        755    754.000          1  -33.90096  151.15837  0.000e+00
   16.9851   4.538581    144.823    16.9419   4.535647    202.381    204.656 1.0000e-12    96.4223    35.4819    35.4653       2598   2597.000          1  -33.97948  151.03405  0.000e+00
   16.9369   4.543282    143.537    17.0890   4.534024    206.787    204.536 4.5759e-06    89.0817    35.4840    35.4679        644    643.000          1  -33.89624  151.16586  0.000e+00
   16.9761   4.536281    142.721    17.0853   4.533119    198.985    204.739 9.3497e-06    85.9090    35.4107    35.4868       1257   1256.000          1  -33.92235  151.12451  0.000e+00
   16.8924   4.543479    148.494    16.9985   4.540393    211.195    211.790 4.0991e-06    90.9911    35.5143    35.4575        476    475.000          1  -33.88908  151.17719  0.000e+00
   16.8903   4.540569    142.326    16.9667   4.551659    217.815    210.090 2.2268e-06    89.0803    35.4698    35.4593        502    501.000          1  -33.89019  151.17544  0.000e+00
   16.9464   4.532557    154.026    17.1125   4.538135    213.782    218.354 3.0358e-06    92.1244    35.4749    35.5088        999    998.000          1  -33.91136  151.14191  0.000e+00
   17.0265   4.542542    142.713    17.1394   4.533607    212.847    207.420 7.1440e-06    91.2501    35.4579    35.4512       1087   1086.000          1  -33.91511  151.13597  0.000e+00
   17.0397   4.544439    145.766    17.0950   4.545983    208.480    201.340 4.6186e-06    87.3430    35.4669    35.4279        756    755.000          1  -33.90101  151.15830  0.000e+00
   16.9838   4.538326    144.875    16.9368   4.535427    202.665    205.058 3.5408e-06    96.4557    35.4817    35.4648       2599   2598.000          1  -33.97952  151.03398  0.000e+00
   16.9353   4.543367    143.206    17.0845   4.534110    206.713    204.626 1.0000e-12    89.2698    35.4851    35.4684        645    644.000          1  -33.89628  151.16579  0.000e+00
   16.9702   4.536282    142.817    17.0848   4.533025    199.149    204.918 6.1939e-06    85.8706    35.4110    35.4870       1258   1257.000          1  -33.92239  151.12444  0.000e+00
   16.8860   4.543502    148.506    16.9984   4.540817    211.029    211.935 3.3854e-06    90.9304    35.5132    35.4575        477    476.000          1  -33.88912  151.17712  0.000e+00
   16.8860   4.540478    142.186    16.9648   4.551522    217.581    210.271 1.0000e-12    89.0329    35.4699    35.4576        503    502.000          1  -33.89023  151.17537  0.000e+00
   16.9489   4.532826    153.919    17.1092   4.537959    213.806    218.391 2.7259e-06    91.9690    35.4735    35.5094       1000    999.000          1  -33.91140  151.14184  0.000e+00
   17.0289   4.542215    142.753    17.1407   4.533601    212.645    207.318 7.4346e-06    91.3181    35.4591    35.4521       1088   1087.000          1  -33.91515  151.13591  0.000e+00
   17.0387   4.544196    145.675    17.1011   4.545796    208.578    201.378 1.8357e-06    87.2866    35.4678    35.4291        757    756.000          1  -33.90105  151.15824  0.000e+00
   16.9820   4.538321    144.915    16.9424   4.535686    202.595    205.140 4.9259e-06    96.4059    35.4827    35.4639       2600   2599.000          1  -33.97957  151.03391  0.000e+00
   16.9353   4.543211    143.070    17.0865   4.534126    206.569    204.575 1.1172e-06    89.2238    35.4856    35.4691        646    645.000          1  -33.89632  151.16572  0.000e+00
   16.9657   4.536490    142.797    17.0813   4.533437    199.292    205.232 2.3965e-06    85.8541    35.4123    35.4863       1259   1258.000          1  -33.92244  151.12437  0.000e+00
   16.8879   4.543136    148.236    16.9968   4.540732    211.022    211.705 4.7511e-06    90.9530    35.5125    35.4588        478    477.000          1  -33.88916  151.17706  0.000e+00
   16.8821   4.540368    142.131    16.9665   4.551382    217.560    210.367 3.2204e-06    89.0644    35.4691    35.4581        504    503.000          1  -33.89027  151.17530  0.000e+00
   16.9471   4.532822    153.983    17.1067   4.538075    213.699    218.343 2.2722e-06    91.9913    35.4723    35.5094       1001   1000.000          1  -33.91144  151.14178  0.000e+00
   17.0272   4.542033    142.793    17.1421   4.533649    212.772    207.207 9.9058e-06    91.3305    35.4585    35.4518       1089   1088.000          1  -33.91519  151.13584  0.000e+00
   17.0327   4.544476    145.358    17.1028   4.545991    208.507    201.163 2.5130e-06    87.2301    35.4684    35.4288        758    757.000          1  -33.90109  151.15817  0.000e+00
   16.9813   4.538046    144.969    16.9400   4.535678    202.441    205.257 3.3609e-06    96.4328    35.4826    35.4610       2601   2600.000          1  -33.97961  151.03385  0.000e+00
   16.9369   4.542946    142.867    17.0855   4.534067    206.708    204.422 3.3052e-07    89.2340    35.4873    35.4711        647    646.000          1  -33.89636  151.16566  0.000e+00
   16.9649   4.536402    142.794    17.0865   4.533391    199.151    205.474 5.0696e-06    85.8748    35.4106    35.4860       1260   1259.000          1  -33.92248  151.12430  0.000e+00
   16.8835   4.543206    148.369    17.0003   4.540833    211.040    211.870 8.7438e-07    90.9504    35.5129    35.4579        479    478.000          1  -33.88921  151.17699  0.000e+00
   16.8802   4.540396    142.089    16.9689   4.551418    217.846    210.438 4.4172e-06    89.0920    35.4690    35.4565        505    504.000          1  -33.89031  151.17523  0.000e+00
   16.9439   4.533106    154.068    17.1070   4.538221    213.510    218.443 1.0000e-12    91.9069    35.4725    35.5099       1002   1001.000          1  -33.91149  151.14171  0.000e+00
   17.0279   4.541980    142.872    17.1372   4.533535    212.813    207.283 1.0638e-05    91.2557    35.4590    35.4510       1090   1089.000          1  -33.91524  151.13577  0.000e+00
   17.0256   4.544983    145.287    17.1039   4.546380    208.494    201.461 1.0429e-07    87.0413    35.4688    35.4275        759    758.000          1  -33.90114  151.15810  0.000e+00
   16.9803   4.537896    145.043    16.9399   4.535323    202.701    205.785 2.4621e-06    96.6296    35.4816    35.4628       2602   2601.000          1  -33.97965  151.03378  0.000e+00
   16.9373   4.543102    142.661    17.0777   4.533495    206.452    204.854 1.4659e-06    89.2286    35.4851    35.4714        648    647.000          1  -33.89641  151.16559  0.000e+00
   16.9659   4.536157    142.967    17.0895   4.533421    199.032    205.461 5.3721e-06    85.9897    35.4081    35.4855       1261   1260.000          1  -33.92252  151.12424  0.000e+00
   16.8838   4.543171    148.126    17.0002   4.540743    210.567    212.056 1.5067e-07    90.8892    35.5135    35.4568        480    479.000          1  -33.88925  151.17692  0.000e+00
   16.8724   4.540073    142.218    16.9685   4.551448    217.812    210.479 4.8274e-06    89.1727    35.4710    35.4570        506    505.000          1  -33.89036  151.17517  0.000e+00
   16.9425   4.532970    153.972    17.1043   4.538254    213.418    218.645 1.5948e-06    92.0082    35.4721    35.5089       1003   1002.000          1  -33.91153  151.14164  0.000e+00
   17.0298   4.542161    142.724    17.1358   4.533389    212.614    207.388 9.1414e-06    91.4183    35.4589    35.4507       1091   1090.000          1  -33.91528  151.13570  0.000e+00
   17.0283   4.544817    145.242    17.1088   4.546345    208.526    201.614 3.4783e-07    86.9940    35.4676    35.4282        760    759.000          1  -33.90118  151.15803  0.000e+00
   16.9760   4.537851    144.891    16.9370   4.535384    202.938    206.076 1.9048e-06    96.6262    35.4811    35.4624       2603   2602.000          1  -33.97969  151.03371  0.000e+00
   16.9414   4.543028    142.264    17.0837   4.533501    206.561    205.333 2.3637e-06    89.0684    35.4856    35.4719        649    648.000          1  -33.89645  151.16552  0.000e+00
   16.9697   4.535964    142.794    17.0876   4.533427    198.714    205.417 4.3394e-06    85.9589    35.4073    35.4841       1262   1261.000          1  -33.92256  151.12417  0.000e+00
   16.8822   4.542843    148.233    17.0022   4.540830    210.617    211.677 1.6759e-06    90.9549    35.5137    35.4570        481    480.000          1  -33.88929  151.17685  0.000e+00
   16.8717   4.540265    142.488    16.9640   4.551315    217.583    210.734 5.5601e-06    89.2443    35.4728    35.4577        507    506.000          1  -33.89040  151.17510  0.000e+00
   16.9425   4.533062    153.753    17.1007   4.538526    213.600    218.773 1.0000e-12    91.9248    35.4712    35.5079       1004   1003.000          1  -33.91157  151.14157  0.000e+00
   17.0258   4.542389    142.724    17.1355   4.533278    212.602    207.406 7.4170e-06    91.2773    35.4597    35.4518       1092   1091.000          1  -33.91532  151.13564  0.000e+00
   17.0227   4.545048    145.301    17.1116   4.546407    208.617    201.587 1.8196e-06    86.9825    35.4664    35.4281        761    760.000          1  -33.90122  151.15797  0.000e+00
   16.9764   4.537552    144.902    16.9416   4.535544    203.220    205.920 6.3638e-06    96.4826    35.4804    35.4631       2604   2603.000          1  -33.97974  151.03364  0.000e+00
   16.9380   4.543216    142.120    17.0837   4.533449    206.249    205.370 7.1955e-07    88.9555    35.4860    35.4731        650    649.000          1  -33.89649  151.16545  0.000e+00
   16.9754   4.536024    142.873    17.0884   4.533258    198.661    205.357 2.3321e-06    85.8273    35.4062    35.4856       1263   1262.000          1  -33.92261  151.12410  0.000e+00
   16.8767   4.542760    148.087    17.0016   4.540964    211.057    211.717 4.1620e-06    90.9013    35.5128    35.4570        482    481.000          1  -33.88933  151.17679  0.000e+00
   16.8701   4.540022    142.583    16.9661   4.551472    217.379    210.757 1.8561e-06    89.2865    35.4730    35.4579        508    507.000          1  -33.89044  151.17503  0.000e+00
