testdataQC/live_realtime_demo.cnv
* Sea-Bird SBE 9 Data File:
* FileName = testdataQC/live_realtime_demo.hex
* Software Version Seasave V 7.26.7.110
* Temperature SN = 5932
* Conductivity SN = 3168
* Number of Bytes Per Scan = 41
* Number of Voltage Words = 4
* Number of Scans Averaged by the Deck Unit = 1
* NMEA Latitude = 33 52.13 S
* NMEA Longitude = 151 12.56 E
* NMEA UTC (Time) = Oct 08 2025  14:31:53
** Operator: Ella
** CTD config:
** Ship: Investigator
** Cruise: in2020_v09
** Station:  7
** Latitude:
** Longitude:
** Depth:
# nquan = 19
# nvalues = 0
# units = specified
# name 0 = t090C: Temperature [ITS-90, deg C]
# name 1 = c0S/m: Conductivity [S/m]
# name 2 = prDM: Pressure, Digiquartz [db]
# name 3 = t190C: Temperature, 2 [ITS-90, deg C]
# name 4 = c1S/m: Conductivity, 2 [S/m]
# name 5 = sbeox0Mm/L: Oxygen, SBE 43 [umol/l]
# name 6 = sbeox1Mm/L: Oxygen, SBE 43, 2 [umol/l]
# name 7 = par: PAR/Irradiance, Biospherical/Licor [umol photons/m^2/sec]
# name 8 = CStarTr0: Beam Transmission, WET Labs C-Star [%]
# name 9 = sal00: Salinity, Practical [PSU]
# name 10 = sal11: Salinity, Practical, 2 [PSU]
# name 11 = fleco_afl: Fluorescence [mg/m³]
# name 12 = ph: pH
# name 13 = scan: Scan Count
# name 14 = timeS: Time, Elapsed [seconds]
# name 15 = pumps: Pump Status
# name 16 = latitude: Latitude [deg]
# name 17 = longitude: Longitude [deg]
# name 18 = flag: 0.000e+00
# span 0 =      12.3276,      21.6890
# span 1 =     4.055418,     5.027629
# span 2 =        1.956,      292.795
# span 3 =      12.3361,      21.6988
# span 4 =     4.055566,     5.027419
# span 5 =     172.3590,     253.4380
# span 6 =     168.4760,     247.1880
# span 7 =   1.0000e-12,   3.2782e-05
# span 8 =      84.6324,      98.2135
# span 9 =      35.0889,      35.8769
# span 10 =      35.0814,      35.8393
# span 11 =            0,            2
# span 12 =       7.5000,       8.2000
# span 13 =            1,       304611
# span 14 =       0.0000,   12692.0830
# span 15 =       1.0000,       1.0000
# span 16 =  -3.5575e+01,  -3.5206e+01
# span 17 =     154.3095,     154.3313
# span 18 =       0.0000,       0.0000
# interval = seconds: 1.0
# start_time = Oct 08 2025 14:31:53 [System UTC, first data scan.]
# bad_flag = -9.99e-29
*END*
   17.0125   4.541301    147.391    17.0156   4.541410    213.215    207.872 1.9561e-05    91.3430    35.4838    35.4595      1.291      7.851          1      0.000          1  -33.86884  151.20923  0.000e+00
   17.0115   4.541396    147.242    17.0122   4.541071    212.940    207.825 1.0000e-12    91.4453    35.4836    35.4609      1.295      7.853          2      1.000          1  -33.86889  151.20917  0.000e+00
   17.0143   4.541270    147.379    17.0138   4.541051    213.087    207.814 7.6856e-07    91.4096    35.4835    35.4615      1.294      7.851          3      2.000          1  -33.86893  151.20910  0.000e+00
   17.0152   4.540995    147.390    17.0125   4.541176    213.236    207.987 1.8182e-06    91.4511    35.4829    35.4624      1.307      7.852          4      3.000          1  -33.86897  151.20903  0.000e+00
   17.0136   4.540649    147.394    17.0177   4.541329    213.108    208.085 2.4214e-06    91.4252    35.4821    35.4613      1.319      7.852          5      4.000          1  -33.86901  151.20896  0.000e+00
   17.0124   4.540663    147.611    17.0227   4.541110    212.956    207.975 2.8062e-06    91.3055    35.4848    35.4627      1.320      7.853          6      5.000          1  -33.86906  151.20890  0.000e+00
   17.0166   4.540941    147.588    17.0259   4.541318    213.332    208.117 4.4739e-06    91.3458    35.4860    35.4623      1.324      7.851          7      6.000          1  -33.86910  151.20883  0.000e+00
   17.0179   4.540864    147.763    17.0258   4.541314    213.001    208.125 3.8710e-06    91.5458    35.4861    35.4637      1.339      7.851          8      7.000          1  -33.86914  151.20876  0.000e+00
   17.0151   4.540565    147.928    17.0211   4.541271    212.726    207.906 3.9044e-06    91.7054    35.4862    35.4639      1.333      7.850          9      8.000          1  -33.86918  151.20869  0.000e+00
   17.0157   4.540481    147.944    17.0217   4.541168    212.673    207.767 4.0438e-06    91.5441    35.4865    35.4642      1.332      7.852         10      9.000          1  -33.86923  151.20863  0.000e+00
   17.0067   4.540350    148.254    17.0248   4.541443    212.565    207.860 6.3345e-06    91.6511    35.4867    35.4654      1.325      7.852         11     10.000          1  -33.86927  151.20856  0.000e+00
   17.0087   4.540058    148.071    17.0256   4.541696    212.886    207.631 3.8190e-06    91.7963    35.4877    35.4640      1.324      7.852         12     11.000          1  -33.86931  151.20849  0.000e+00
   17.0095   4.540331    148.134    17.0336   4.541722    212.995    207.698 3.3475e-06    91.8389    35.4879    35.4639      1.319      7.852         13     12.000          1  -33.86935  151.20842  0.000e+00
   17.0094   4.540615    148.208    17.0314   4.541832    212.981    208.006 4.3368e-06    91.7517    35.4897    35.4633      1.299      7.853         14     13.000          1  -33.86940  151.20836  0.000e+00
   17.0113   4.540716    148.244    17.0297   4.541901    212.961    207.891 2.7604e-06    91.7863    35.4893    35.4633      1.300      7.853         15     14.000          1  -33.86944  151.20829  0.000e+00
   17.0106   4.540911    148.519    17.0236   4.541826    213.071    207.897 2.4754e-06    91.9213    35.4883    35.4658      1.303      7.853         16     15.000          1  -33.86948  151.20822  0.000e+00
   17.0108   4.540843    148.719    17.0232   4.542321    212.780    207.958 2.8210e-06    91.8850    35.4884    35.4658      1.311      7.852         17     16.000          1  -33.86952  151.20815  0.000e+00
   17.0137   4.540512    148.661    17.0218   4.542183    212.924    208.372 6.6226e-07    91.9721    35.4898    35.4676      1.315      7.850         18     17.000          1  -33.86957  151.20809  0.000e+00
   17.0139   4.540513    148.662    17.0281   4.541852    212.550    208.294 1.8242e-06    92.0664    35.4903    35.4694      1.310      7.849         19     18.000          1  -33.86961  151.20802  0.000e+00
   17.0105   4.540940    148.868    17.0259   4.541513    212.767    208.335 1.3449e-08    91.8856    35.4893    35.4687      1.306      7.849         20     19.000          1  -33.86965  151.20795  0.000e+00
   17.0101   4.541280    149.032    17.0251   4.541450    212.715    208.380 1.0000e-12    91.8683    35.4891    35.4675      1.305      7.849         21     20.000          1  -33.86969  151.20788  0.000e+00
   17.0086   4.541130    149.195    17.0295   4.541945    212.768    208.310 3.7618e-07    91.8240    35.4880    35.4670      1.321      7.848         22     21.000          1  -33.86974  151.20782  0.000e+00
   17.0099   4.540957    149.355    17.0251   4.542030    212.823    208.176 5.6853e-07    91.7429    35.4887    35.4669      1.313      7.848         23     22.000          1  -33.86978  151.20775  0.000e+00
   17.0062   4.540847    149.502    17.0199   4.541992    212.753    208.274 4.0187e-07    91.8103    35.4884    35.4666      1.312      7.848         24     23.000          1  -33.86982  151.20768  0.000e+00
   17.0062   4.540878    149.408    17.0181   4.541703    212.896    208.100 1.4033e-06    91.7315    35.4893    35.4662      1.315      7.848         25     24.000          1  -33.86987  151.20761  0.000e+00
   17.0098   4.540660    149.206    17.0185   4.541602    212.778    208.217 2.4023e-06    91.9113    35.4894    35.4656      1.311      7.847         26     25.000          1  -33.86991  151.20755  0.000e+00
   17.0116   4.540400    149.068    17.0167   4.541620    212.834    208.242 6.0347e-06    91.9998    35.4896    35.4655      1.310      7.844         27     26.000          1  -33.86995  151.20748  0.000e+00
   17.0183   4.540404    149.282    17.0172   4.541716    212.627    208.397 3.7844e-06    91.9499    35.4890    35.4665      1.307      7.844         28     27.000          1  -33.86999  151.20741  0.000e+00
   17.0183   4.540074    149.213    17.0184   4.541973    212.571    208.957 4.3914e-06    91.9446    35.4900    35.4662      1.321      7.844         29     28.000          1  -33.87004  151.20734  0.000e+00
   17.0200   4.540075    149.137    17.0193   4.541990    212.509    209.344 5.1046e-06    92.0047    35.4894    35.4655      1.323      7.846         30     29.000          1  -33.87008  151.20728  0.000e+00
   17.0205   4.540008    149.197    17.0199   4.542060    212.595    209.075 5.7421e-06    91.9397    35.4901    35.4654      1.325      7.846         31     30.000          1  -33.87012  151.20721  0.000e+00
   17.0163   4.540009    149.375    17.0188   4.542385    212.522    208.957 4.2287e-06    91.9387    35.4896    35.4659      1.328      7.846         32     31.000          1  -33.87016  151.20714  0.000e+00
   17.0130   4.539882    149.439    17.0195   4.542405    212.748    208.799 3.6180e-06    91.9983    35.4904    35.4650      1.329      7.844         33     32.000          1  -33.87021  151.20707  0.000e+00
   17.0143   4.540163    149.373    17.0233   4.542273    212.780    208.847 4.7976e-06    91.9066    35.4912    35.4654      1.335      7.844         34     33.000          1  -33.87025  151.20701  0.000e+00
   17.0152   4.540226    149.392    17.0230   4.541984    212.926    209.273 5.1301e-06    91.8699    35.4930    35.4633      1.345      7.846         35     34.000          1  -33.87029  151.20694  0.000e+00
   17.0150   4.540036    149.596    17.0246   4.541696    212.883    209.219 6.1345e-06    91.8198    35.4935    35.4614      1.333      7.846         36     35.000          1  -33.87033  151.20687  0.000e+00
   17.0125   4.540131    149.816    17.0294   4.542044    212.878    208.937 1.0193e-05    91.8599    35.4929    35.4610      1.322      7.845         37     36.000          1  -33.87038  151.20680  0.000e+00
   17.0119   4.540004    149.930    17.0319   4.541987    212.995    208.763 1.1622e-05    92.0295    35.4932    35.4595      1.324      7.845         38     37.000          1  -33.87042  151.20674  0.000e+00
   17.0149   4.539977    150.095    17.0315   4.542098    213.113    208.854 9.0011e-06    91.9362    35.4931    35.4611      1.336      7.846         39     38.000          1  -33.87046  151.20667  0.000e+00
   17.0176   4.539944    150.341    17.0318   4.542237    213.056    208.762 9.8993e-06    91.8395    35.4931    35.4602      1.326      7.846         40     39.000          1  -33.87050  151.20660  0.000e+00
   17.0146   4.539696    150.606    17.0355   4.542304    213.177    208.642 1.0000e-12    91.7709    35.4922    35.4592      1.326      7.844         41     40.000          1  -33.87055  151.20653  0.000e+00
   17.0109   4.539966    150.728    17.0342   4.542242    213.070    208.800 1.6661e-06    91.9242    35.4932    35.4570      1.309      7.845         42     41.000          1  -33.87059  151.20647  0.000e+00
   17.0102   4.540385    150.570    17.0343   4.542375    213.138    208.864 2.8810e-07    91.7500    35.4930    35.4572      1.300      7.844         43     42.000          1  -33.87063  151.20640  0.000e+00
   17.0082   4.540498    150.654    17.0334   4.542506    212.983    208.721 9.0019e-07    91.8914    35.4919    35.4584      1.304      7.845         44     43.000          1  -33.87067  151.20633  0.000e+00
   17.0026   4.540524    150.812    17.0342   4.542889    213.094    208.634 5.7029e-07    91.6281    35.4943    35.4579      1.301      7.846         45     44.000          1  -33.87072  151.20626  0.000e+00
   17.0030   4.540505    150.926    17.0351   4.543193    213.010    208.824 1.0405e-06    91.5665    35.4952    35.4572      1.298      7.846         46     45.000          1  -33.87076  151.20620  0.000e+00
   17.0042   4.540448    151.012    17.0370   4.542899    212.971    209.089 1.0000e-12    91.4543    35.4941    35.4585      1.295      7.846         47     46.000          1  -33.87080  151.20613  0.000e+00
   17.0026   4.540389    150.898    17.0337   4.543114    212.911    208.931 1.7428e-06    91.3225    35.4927    35.4596      1.295      7.847         48     47.000          1  -33.87084  151.20606  0.000e+00
   17.0032   4.540459    150.910    17.0337   4.542956    212.994    208.504 2.8123e-06    91.2187    35.4929    35.4588      1.292      7.847         49     48.000          1  -33.87089  151.20599  0.000e+00
   17.0032   4.540504    150.892    17.0328   4.543333    212.861    208.520 1.0000e-12    91.2685    35.4923    35.4588      1.295      7.847         50     49.000          1  -33.87093  151.20593  0.000e+00
   17.0009   4.540323    150.902    17.0311   4.543395    212.661    208.413 2.5818e-06    91.1957    35.4932    35.4597      1.302      7.848         51     50.000          1  -33.87097  151.20586  0.000e+00
   17.0008   4.540314    150.689    17.0277   4.543584    212.829    208.213 2.2593e-06    91.2364    35.4947    35.4598      1.301      7.848         52     51.000          1  -33.87102  151.20579  0.000e+00
   17.0005   4.540168    150.391    17.0267   4.543670    213.084    208.006 1.0000e-12    91.4538    35.4927    35.4586      1.308      7.848         53     52.000          1  -33.87106  151.20572  0.000e+00
   17.0007   4.540506    150.216    17.0257   4.543559    213.252    208.092 2.0924e-06    91.1825    35.4927    35.4594      1.316      7.849         54     53.000          1  -33.87110  151.20566  0.000e+00
   17.0008   4.540221    150.071    17.0290   4.543168    213.499    207.717 8.7906e-07    91.1215    35.4945    35.4604      1.294      7.849         55     54.000          1  -33.87114  151.20559  0.000e+00
   17.0007   4.540501    150.148    17.0334   4.543386    213.487    207.436 1.0000e-12    91.1800    35.4940    35.4603      1.292      7.849         56     55.000          1  -33.87119  151.20552  0.000e+00
   17.0023   4.540429    150.281    17.0352   4.543044    213.404    207.023 8.4761e-07    91.1216    35.4943    35.4612      1.281      7.848         57     56.000          1  -33.87123  151.20545  0.000e+00
   17.0003   4.540141    150.336    17.0350   4.542694    213.169    206.969 2.6596e-06    91.2448    35.4951    35.4628      1.286      7.848         58     57.000          1  -33.87127  151.20539  0.000e+00
   16.9978   4.540418    150.185    17.0411   4.543084    212.908    207.203 3.9807e-06    91.1628    35.4945    35.4657      1.281      7.847         59     58.000          1  -33.87131  151.20532  0.000e+00
   17.0006   4.540439    149.900    17.0400   4.542783    213.184    207.102 4.1599e-06    91.2573    35.4948    35.4660      1.278      7.846         60     59.000          1  -33.87136  151.20525  0.000e+00
   16.9998   4.540843    149.843    17.0402   4.542742    213.154    207.048 4.7799e-06    91.3744    35.4952    35.4661      1.257      7.846         61     60.000          1  -33.87140  151.20519  0.000e+00
   16.9947   4.541042    149.722    17.0396   4.543001    213.322    207.096 2.7564e-06    91.4558    35.4966    35.4656      1.253      7.847         62     61.000          1  -33.87144  151.20512  0.000e+00
   16.9931   4.540935    149.591    17.0427   4.543145    213.027    207.290 5.2708e-06    91.3810    35.4953    35.4666      1.271      7.846         63     62.000          1  -33.87148  151.20505  0.000e+00
   16.9943   4.541015    149.570    17.0487   4.542939    213.081    207.093 4.8432e-06    91.3007    35.4957    35.4676      1.279      7.845         64     63.000          1  -33.87153  151.20498  0.000e+00
   16.9949   4.540954    149.456    17.0477   4.542917    212.796    207.060 4.4487e-06    91.2056    35.4956    35.4680      1.272      7.845         65     64.000          1  -33.87157  151.20492  0.000e+00
   16.9957   4.540864    149.378    17.0489   4.542708    212.505    207.169 1.0000e-12    91.2652    35.4944    35.4671      1.255      7.845         66     65.000          1  -33.87161  151.20485  0.000e+00
   16.9970   4.540925    149.330    17.0523   4.542561    212.473    207.428 1.5296e-07    91.3281    35.4955    35.4676      1.266      7.844         67     66.000          1  -33.87165  151.20478  0.000e+00
   16.9993   4.540982    149.390    17.0524   4.542739    212.835    207.492 2.8930e-06    91.3146    35.4963    35.4663      1.260      7.845         68     67.000          1  -33.87170  151.20471  0.000e+00
   17.0023   4.540819    149.074    17.0570   4.542500    212.925    207.161 3.3479e-06    91.2802    35.4955    35.4663      1.267      7.847         69     68.000          1  -33.87174  151.20465  0.000e+00
   17.0024   4.541081    148.873    17.0619   4.542466    212.706    207.077 5.1243e-06    91.2895    35.4958    35.4663      1.264      7.846         70     69.000          1  -33.87178  151.20458  0.000e+00
   17.0027   4.540997    149.158    17.0624   4.542225    213.010    207.124 5.2869e-06    91.5665    35.4963    35.4641      1.275      7.845         71     70.000          1  -33.87182  151.20451  0.000e+00
   17.0004   4.541058    149.194    17.0612   4.541937    212.734    207.283 5.9184e-06    91.5487    35.4967    35.4651      1.282      7.847         72     71.000          1  -33.87187  151.20444  0.000e+00
   17.0001   4.541087    149.368    17.0641   4.541942    212.985    207.218 2.5501e-06    91.6561    35.4947    35.4649      1.279      7.846         73     72.000          1  -33.87191  151.20438  0.000e+00
   16.9975   4.541220    149.348    17.0675   4.542251    213.120    207.329 2.3508e-06    91.6421    35.4949    35.4657      1.276      7.846         74     73.000          1  -33.87195  151.20431  0.000e+00
   16.9954   4.541441    149.381    17.0686   4.541794    213.212    207.349 3.9224e-06    91.6599    35.4943    35.4654      1.261      7.847         75     74.000          1  -33.87200  151.20424  0.000e+00
   16.9984   4.541360    149.470    17.0660   4.541853    212.784    207.551 2.5102e-06    91.8095    35.4945    35.4648      1.254      7.849         76     75.000          1  -33.87204  151.20417  0.000e+00
