testdataQC/live_realtime_demo.cnv
* Sea-Bird SBE 9 Data File:
* FileName = testdataQC/live_realtime_demo.hex
* Software Version Seasave V 7.26.7.110
* Temperature SN = 5932
* Conductivity SN = 3168
* Number of Bytes Per Scan = 41
* Number of Voltage Words = 4
* Number of Scans Averaged by the Deck Unit = 1
* NMEA Latitude = 33 52.13 S
* NMEA Longitude = 151 12.56 E
* NMEA UTC (Time) = Sep 28 2025  09:58:11
** Operator: Ella
** CTD config:
** Ship: Investigator
** Cruise: in2020_v09
** Station:  7
** Latitude:
** Longitude:
** Depth:
# nquan = 17
# nvalues = 0
# units = specified
# name 0 = t090C: Temperature [ITS-90, deg C]
# name 1 = c0S/m: Conductivity [S/m]
# name 2 = prDM: Pressure, Digiquartz [db]
# name 3 = t190C: Temperature, 2 [ITS-90, deg C]
# name 4 = c1S/m: Conductivity, 2 [S/m]
# name 5 = sbeox0Mm/L: Oxygen, SBE 43 [umol/l]
# name 6 = sbeox1Mm/L: Oxygen, SBE 43, 2 [umol/l]
# name 7 = par: PAR/Irradiance, Biospherical/Licor [umol photons/m^2/sec]
# name 8 = CStarTr0: Beam Transmission, WET Labs C-Star [%]
# name 9 = sal00: Salinity, Practical [PSU]
# name 10 = sal11: Salinity, Practical, 2 [PSU]
# name 11 = scan: Scan Count
# name 12 = timeS: Time, Elapsed [seconds]
# name 13 = pumps: Pump Status
# name 14 = latitude: Latitude [deg]
# name 15 = longitude: Longitude [deg]
# name 16 = flag: 0.000e+00
# span 0 =      12.3276,      21.6890
# span 1 =     4.055418,     5.027629
# span 2 =        1.956,      292.795
# span 3 =      12.3361,      21.6988
# span 4 =     4.055566,     5.027419
# span 5 =     172.3590,     253.4380
# span 6 =     168.4760,     247.1880
# span 7 =   1.0000e-12,   3.2782e-05
# span 8 =      84.6324,      98.2135
# span 9 =      35.0889,      35.8769
# span 10 =      35.0814,      35.8393
# span 11 =            1,       304611
# span 12 =       0.0000,   12692.0830
# span 13 =            1,            1
# span 14 =     -35.5746,     -35.2062
# span 15 =     154.3095,     154.3313
# span 16 =   0.0000e+00,   0.0000e+00
# interval = seconds: 1.0
# start_time = Sep 28 2025 09:58:11 [System UTC, first data scan.]
# bad_flag = -9.99e-29
*END*
[from data line 1113]
   17.0190   4.549965    143.687    16.9112   4.543230    209.910    213.665 1.4604e-05    91.4301    35.5070    35.4648       1114   1113.000          1  -33.91626  151.13415  0.000e+00
   17.0207   4.550287    143.813    16.9110   4.543245    209.395    213.606 1.0000e-12    91.5222    35.5063    35.4639       1115   1114.000          1  -33.91630  151.13409  0.000e+00
   17.0228   4.550338    143.609    16.9104   4.543726    209.222    213.350 1.2364e-07    91.6149    35.5059    35.4645       1116   1115.000          1  -33.91634  151.13402  0.000e+00
   17.0220   4.549973    143.811    16.9091   4.543962    209.456    213.301 1.0139e-06    91.6557    35.5068    35.4630       1117   1116.000          1  -33.91639  151.13395  0.000e+00
   17.0196   4.550199    143.517    16.9096   4.543941    209.463    213.567 1.3765e-06    91.6220    35.5075    35.4630       1118   1117.000          1  -33.91643  151.13388  0.000e+00
   17.0191   4.550177    143.581    16.9084   4.543843    209.582    213.272 1.0000e-12    91.7092    35.5068    35.4635       1119   1118.000          1  -33.91647  151.13382  0.000e+00
   17.0222   4.550277    143.466    16.9059   4.543737    208.882    213.270 1.4708e-06    91.6166    35.5088    35.4611       1120   1119.000          1  -33.91651  151.13375  0.000e+00
   17.0219   4.550457    143.358    16.9054   4.543764    208.792    213.251 1.4985e-07    91.5208    35.5085    35.4603       1121   1120.000          1  -33.91656  151.13368  0.000e+00
   17.0194   4.550218    143.198    16.9052   4.544060    208.940    213.208 1.3512e-06    91.4819    35.5095    35.4606       1122   1121.000          1  -33.91660  151.13361  0.000e+00
   17.0245   4.550034    143.207    16.9000   4.544115    208.971    213.435 2.4080e-06    91.5898    35.5089    35.4590       1123   1122.000          1  -33.91664  151.13355  0.000e+00
   17.0169   4.549970    143.469    16.9061   4.544312    209.021    213.514 1.0000e-12    91.6892    35.5089    35.4590       1124   1123.000          1  -33.91669  151.13348  0.000e+00
   17.0197   4.550072    143.455    16.9036   4.544684    208.895    213.431 2.3746e-06    91.6979    35.5078    35.4591       1125   1124.000          1  -33.91673  151.13341  0.000e+00
   17.0213   4.549902    143.548    16.9009   4.544743    208.747    213.194 2.3409e-06    91.5999    35.5071    35.4603       1126   1125.000          1  -33.91677  151.13334  0.000e+00
   17.0240   4.549948    143.509    16.9029   4.544680    208.918    213.469 3.5986e-06    91.6864    35.5089    35.4598       1127   1126.000          1  -33.91681  151.13328  0.000e+00
   17.0316   4.549539    143.266    16.9002   4.544397    208.555    213.530 4.5709e-06    91.5296    35.5083    35.4599       1128   1127.000          1  -33.91686  151.13321  0.000e+00
   17.0310   4.549640    143.470    16.9031   4.544590    208.372    213.779 1.9049e-06    91.5966    35.5087    35.4596       1129   1128.000          1  -33.91690  151.13314  0.000e+00
   17.0283   4.549656    143.745    16.8988   4.544751    208.355    213.599 1.6028e-06    91.6450    35.5086    35.4591       1130   1129.000          1  -33.91694  151.13307  0.000e+00
   17.0255   4.549406    144.006    16.8950   4.544921    208.743    213.427 1.0000e-12    91.5982    35.5082    35.4587       1131   1130.000          1  -33.91698  151.13301  0.000e+00
   17.0269   4.549393    144.016    16.8863   4.544755    208.889    213.700 9.4984e-08    91.7755    35.5087    35.4599       1132   1131.000          1  -33.91703  151.13294  0.000e+00
   17.0303   4.549599    143.911    16.8896   4.544680    208.802    213.879 6.7232e-07    91.8518    35.5084    35.4592       1133   1132.000          1  -33.91707  151.13287  0.000e+00
   17.0324   4.549658    143.783    16.8892   4.544661    208.727    213.765 2.0392e-06    91.8023    35.5103    35.4592       1134   1133.000          1  -33.91711  151.13280  0.000e+00
   17.0283   4.549871    143.672    16.8923   4.544341    208.861    214.012 2.9183e-06    91.7429    35.5102    35.4583       1135   1134.000          1  -33.91715  151.13274  0.000e+00
   17.0297   4.549788    143.853    16.8892   4.544339    209.119    213.819 3.3921e-06    91.7974    35.5105    35.4592       1136   1135.000          1  -33.91720  151.13267  0.000e+00
   17.0293   4.549563    143.748    16.8932   4.544203    209.298    213.487 6.0857e-06    91.8273    35.5116    35.4582       1137   1136.000          1  -33.91724  151.13260  0.000e+00
   17.0318   4.549755    143.647    16.8924   4.544065    209.348    213.253 7.0303e-06    91.9075    35.5113    35.4588       1138   1137.000          1  -33.91728  151.13253  0.000e+00
   17.0293   4.549937    143.564    16.8965   4.544220    209.257    213.426 7.1387e-06    91.9679    35.5114    35.4589       1139   1138.000          1  -33.91732  151.13247  0.000e+00
   17.0300   4.550325    143.875    16.8954   4.544097    209.605    213.137 1.0000e-12    91.9385    35.5106    35.4591       1140   1139.000          1  -33.91737  151.13240  0.000e+00
   17.0282   4.550412    143.745    16.8888   4.544145    209.192    213.157 1.3182e-06    91.9517    35.5105    35.4578       1141   1140.000          1  -33.91741  151.13233  0.000e+00
   17.0214   4.550302    143.650    16.8884   4.544397    209.328    213.149 1.2528e-06    91.9020    35.5107    35.4585       1142   1141.000          1  -33.91745  151.13226  0.000e+00
   17.0175   4.550313    143.567    16.8884   4.544211    209.580    212.991 7.1203e-07    91.8417    35.5102    35.4607       1143   1142.000          1  -33.91749  151.13220  0.000e+00
   17.0191   4.550394    143.503    16.8876   4.544119    209.428    213.245 2.3107e-06    91.9806    35.5103    35.4609       1144   1143.000          1  -33.91754  151.13213  0.000e+00
   17.0198   4.550408    143.727    16.8868   4.543928    209.077    213.126 4.2887e-06    91.9550    35.5107    35.4618       1145   1144.000          1  -33.91758  151.13206  0.000e+00
   17.0226   4.550282    143.722    16.8854   4.544257    208.684    213.487 6.5592e-06    92.0407    35.5119    35.4626       1146   1145.000          1  -33.91762  151.13199  0.000e+00
   17.0264   4.550096    143.851    16.8870   4.543995    208.527    213.390 6.9747e-06    92.1031    35.5116    35.4608       1147   1146.000          1  -33.91766  151.13193  0.000e+00
   17.0302   4.549845    143.756    16.8892   4.544032    208.466    213.611 8.1339e-06    92.4710    35.5127    35.4623       1148   1147.000          1  -33.91771  151.13186  0.000e+00
   17.0272   4.550097    143.734    16.8954   4.543906    208.582    213.690 1.0576e-05    92.5883    35.5133    35.4613       1149   1148.000          1  -33.91775  151.13179  0.000e+00
   17.0218   4.549931    143.677    16.8914   4.543999    208.540    213.617 1.2396e-05    92.5005    35.5132    35.4608       1150   1149.000          1  -33.91779  151.13172  0.000e+00
   17.0206   4.550038    143.571    16.8900   4.543491    208.645    213.392 1.5953e-05    92.4774    35.5147    35.4595       1151   1150.000          1  -33.91784  151.13166  0.000e+00
   17.0177   4.549625    143.660    16.8918   4.543370    208.934    213.121 1.4983e-05    92.5264    35.5154    35.4606       1152   1151.000          1  -33.91788  151.13159  0.000e+00
   17.0182   4.549323    143.643    16.8898   4.543268    208.975    213.210 1.3737e-05    92.4439    35.5118    35.4628       1153   1152.000          1  -33.91792  151.13152  0.000e+00
   17.0176   4.549411    143.392    16.8877   4.543263    208.573    213.113 1.5075e-05    92.4787    35.5116    35.4623       1154   1153.000          1  -33.91796  151.13146  0.000e+00
   17.0203   4.549153    143.543    16.8863   4.542799    208.637    213.001 1.6582e-05    92.4861    35.5117    35.4627       1155   1154.000          1  -33.91801  151.13139  0.000e+00
   17.0228   4.549137    143.305    16.8888   4.542817    208.596    212.603 1.5828e-05    92.6182    35.5130    35.4602       1156   1155.000          1  -33.91805  151.13132  0.000e+00
   17.0196   4.548962    143.131    16.8858   4.542923    208.676    212.602 1.3139e-05    92.6953    35.5118    35.4598       1157   1156.000          1  -33.91809  151.13125  0.000e+00
   17.0206   4.549339    143.043    16.8846   4.542739    208.978    212.609 1.4641e-05    92.7806    35.5125    35.4594       1158   1157.000          1  -33.91813  151.13119  0.000e+00
   17.0170   4.549513    143.177    16.8853   4.542662    209.233    212.931 1.5979e-05    92.6842    35.5135    35.4591       1159   1158.000          1  -33.91818  151.13112  0.000e+00
   17.0200   4.549703    143.013    16.8861   4.542779    209.107    212.743 1.0000e-12    92.5528    35.5127    35.4571       1160   1159.000          1  -33.91822  151.13105  0.000e+00
   17.0226   4.549851    142.984    16.8833   4.542503    209.348    212.428 5.5059e-07    92.5109    35.5106    35.4568       1161   1160.000          1  -33.91826  151.13098  0.000e+00
   17.0216   4.549658    142.809    16.8749   4.542656    209.346    212.559 1.4899e-06    92.5217    35.5099    35.4568       1162   1161.000          1  -33.91830  151.13092  0.000e+00
   17.0227   4.549766    142.820    16.8780   4.542694    209.585    212.662 1.2989e-06    92.4843    35.5099    35.4571       1163   1162.000          1  -33.91835  151.13085  0.000e+00
   17.0233   4.549543    143.050    16.8816   4.542931    209.500    212.537 1.8596e-06    92.5190    35.5081    35.4575       1164   1163.000          1  -33.91839  151.13078  0.000e+00
   17.0256   4.549397    142.848    16.8807   4.542961    209.950    212.829 1.0000e-12    92.5806    35.5094    35.4572       1165   1164.000          1  -33.91843  151.13071  0.000e+00
   17.0277   4.549497    142.775    16.8742   4.542938    210.008    213.183 1.2009e-06    92.6280    35.5100    35.4579       1166   1165.000          1  -33.91847  151.13065  0.000e+00
   17.0267   4.549163    142.695    16.8723   4.542994    209.963    213.513 2.8090e-06    92.5797    35.5110    35.4586       1167   1166.000          1  -33.91852  151.13058  0.000e+00
   17.0290   4.549200    142.557    16.8698   4.543294    209.496    213.476 2.1938e-06    92.6822    35.5116    35.4564       1168   1167.000          1  -33.91856  151.13051  0.000e+00
   17.0277   4.549343    142.497    16.8736   4.543255    209.215    213.463 1.0000e-12    92.6408    35.5116    35.4565       1169   1168.000          1  -33.91860  151.13044  0.000e+00
   17.0267   4.548893    142.395    16.8778   4.543324    209.355    213.496 1.0000e-12    92.9492    35.5109    35.4579       1170   1169.000          1  -33.91864  151.13038  0.000e+00
   17.0236   4.549139    142.255    16.8806   4.543274    209.064    213.438 1.0598e-06    93.1477    35.5093    35.4585       1171   1170.000          1  -33.91869  151.13031  0.000e+00
   17.0214   4.549359    142.333    16.8817   4.543217    208.831    213.143 4.4465e-06    93.0352    35.5094    35.4606       1172   1171.000          1  -33.91873  151.13024  0.000e+00
   17.0193   4.548789    142.396    16.8772   4.543103    208.767    212.935 5.5671e-06    92.9047    35.5104    35.4598       1173   1172.000          1  -33.91877  151.13017  0.000e+00
   17.0208   4.548787    142.258    16.8739   4.543116    208.964    213.108 3.8736e-06    92.9099    35.5099    35.4595       1174   1173.000          1  -33.91882  151.13011  0.000e+00
   17.0199   4.548776    142.311    16.8689   4.542782    208.949    212.992 1.0811e-06    93.0567    35.5113    35.4600       1175   1174.000          1  -33.91886  151.13004  0.000e+00
   17.0239   4.548458    142.693    16.8694   4.543082    209.156    212.884 2.7362e-06    93.1254    35.5120    35.4609       1176   1175.000          1  -33.91890  151.12997  0.000e+00
   17.0188   4.548282    142.483    16.8691   4.543113    209.491    212.655 3.8139e-06    93.2865    35.5119    35.4607       1177   1176.000          1  -33.91894  151.12990  0.000e+00
   17.0156   4.548292    142.554    16.8680   4.543164    209.705    213.167 3.4173e-06    93.0910    35.5115    35.4612       1178   1177.000          1  -33.91899  151.12984  0.000e+00
   17.0145   4.548064    142.692    16.8656   4.543309    209.564    213.273 1.5169e-06    93.1866    35.5109    35.4621       1179   1178.000          1  -33.91903  151.12977  0.000e+00
   17.0131   4.548127    142.548    16.8647   4.543454    209.325    213.032 2.9601e-06    93.1301    35.5113    35.4615       1180   1179.000          1  -33.91907  151.12970  0.000e+00
   17.0155   4.548536    142.592    16.8629   4.543573    209.533    212.981 3.4473e-06    93.1818    35.5105    35.4604       1181   1180.000          1  -33.91911  151.12963  0.000e+00
   17.0186   4.548619    142.521    16.8607   4.543248    209.763    213.287 6.1629e-06    93.1693    35.5098    35.4598       1182   1181.000          1  -33.91916  151.12957  0.000e+00
   17.0149   4.548609    142.444    16.8608   4.543348    209.724    213.224 7.3773e-06    93.0343    35.5118    35.4605       1183   1182.000          1  -33.91920  151.12950  0.000e+00
   17.0210   4.548801    142.509    16.8574   4.543524    209.961    213.252 9.1936e-06    93.1639    35.5112    35.4600       1184   1183.000          1  -33.91924  151.12943  0.000e+00
   17.0240   4.548921    142.414    16.8589   4.543384    210.210    213.287 9.8975e-06    93.0748    35.5111    35.4607       1185   1184.000          1  -33.91928  151.12936  0.000e+00
   17.0261   4.548972    142.857    16.8556   4.543799    210.296    213.447 1.2084e-05    93.2163    35.5109    35.4608       1186   1185.000          1  -33.91933  151.12930  0.000e+00
   17.0270   4.548752    142.855    16.8565   4.543750    210.653    213.356 1.0000e-12    93.2382    35.5125    35.4608       1187   1186.000          1  -33.91937  151.12923  0.000e+00
   17.0299   4.548528    142.831    16.8560   4.543677    210.701    213.181 3.5545e-06    93.2657    35.5126    35.4602       1188   1187.000          1  -33.91941  151.12916  0.000e+00
   17.0302   4.548428    142.747    16.8551   4.543659    210.516    213.194 4.4190e-06    93.1900    35.5129    35.4602       1189   1188.000          1  -33.91945  151.12909  0.000e+00
   17.0310   4.548614    142.720    16.8555   4.543772    210.435    213.016 5.7218e-06    93.0891    35.5128    35.4612       1190   1189.000          1  -33.91950  151.12903  0.000e+00
   17.0306   4.548638    142.446    16.8546   4.543367    210.526    213.157 4.3882e-06    92.9696    35.5144    35.4609       1191   1190.000          1  -33.91954  151.12896  0.000e+00
   17.0350   4.548324    142.474    16.8579   4.543674    210.782    213.241 1.0000e-12    93.0210    35.5154    35.4624       1192   1191.000          1  -33.91958  151.12889  0.000e+00
   17.0362   4.548247    142.403    16.8598   4.543848    210.723    213.472 4.8921e-07    92.9115    35.5156    35.4626       1193   1192.000          1  -33.91962  151.12882  0.000e+00
   17.0377   4.548077    142.531    16.8651   4.543716    211.214    213.510 5.4890e-08    93.0731    35.5155    35.4649       1194   1193.000          1  -33.91967  151.12876  0.000e+00
   17.0382   4.548185    142.729    16.8662   4.543709    211.354    213.331 2.7102e-06    93.2062    35.5158    35.4640       1195   1194.000          1  -33.91971  151.12869  0.000e+00
   17.0372   4.548023    142.908    16.8660   4.543652    211.228    213.302 2.4475e-06    93.1546    35.5150    35.4645       1196   1195.000          1  -33.91975  151.12862  0.000e+00
   17.0367   4.548079    142.739    16.8674   4.543944    211.276    213.378 2.2471e-06    93.0558    35.5144    35.4635       1197   1196.000          1  -33.91979  151.12855  0.000e+00
