testdataQC/live_realtime_demo.cnv
* Sea-Bird SBE 9 Data File:
* FileName = testdataQC/live_realtime_demo.hex
* Software Version Seasave V 7.26.7.110
* Temperature SN = 5932
* Conductivity SN = 3168
* Number of Bytes Per Scan = 41
* Number of Voltage Words = 4
* Number of Scans Averaged by the Deck Unit = 1
* NMEA Latitude = 33 52.13 S
* NMEA Longitude = 151 12.56 E
* NMEA UTC (Time) = Sep 28 2025  09:58:11
** Operator: Ella
** CTD config:
** Ship: Investigator
** Cruise: in2020_v09
** Station:  7
** Latitude:
** Longitude:
** Depth:
# nquan = 17
# nvalues = 0
# units = specified
# name 0 = t090C: Temperature [ITS-90, deg C]
# name 1 = c0S/m: Conductivity [S/m]
# name 2 = prDM: Pressure, Digiquartz [db]
# name 3 = t190C: Temperature, 2 [ITS-90, deg C]
# name 4 = c1S/m: Conductivity, 2 [S/m]
# name 5 = sbeox0Mm/L: Oxygen, SBE 43 [umol/l]
# name 6 = sbeox1Mm/L: Oxygen, SBE 43, 2 [umol/l]
# name 7 = par: PAR/Irradiance, Biospherical/Licor [umol photons/m^2/sec]
# name 8 = CStarTr0: Beam Transmission, WET Labs C-Star [%]
# name 9 = sal00: Salinity, Practical [PSU]
# name 10 = sal11: Salinity, Practical, 2 [PSU]
# name 11 = scan: Scan Count
# name 12 = timeS: Time, Elapsed [seconds]
# name 13 = pumps: Pump Status
# name 14 = latitude: Latitude [deg]
# name 15 = longitude: Longitude [deg]
# name 16 = flag: 0.000e+00
# span 0 =      12.3276,      21.6890
# span 1 =     4.055418,     5.027629
# span 2 =        1.956,      292.795
# span 3 =      12.3361,      21.6988
# span 4 =     4.055566,     5.027419
# span 5 =     172.3590,     253.4380
# span 6 =     168.4760,     247.1880
# span 7 =   1.0000e-12,   3.2782e-05
# span 8 =      84.6324,      98.2135
# span 9 =      35.0889,      35.8769
# span 10 =      35.0814,      35.8393
# span 11 =            1,       304611
# span 12 =       0.0000,   12692.0830
# span 13 =            1,            1
# span 14 =     -35.5746,     -35.2062
# span 15 =     154.3095,     154.3313
# span 16 =   0.0000e+00,   0.0000e+00
# interval = seconds: 1.0
# start_time = Sep 28 2025 09:58:11 [System UTC, first data scan.]
# bad_flag = -9.99e-29
*END*
[from data line 1369]
   16.9723   4.551779    144.519    16.8910   4.543126    213.687    217.158 3.2407e-06    93.7165    35.5309    35.4624       1370   1369.000          1  -33.92717  151.11688  0.000e+00
   16.9786   4.551997    144.526    16.8900   4.543170    213.548    216.988 3.5325e-06    93.6724    35.5307    35.4611       1371   1370.000          1  -33.92721  151.11682  0.000e+00
   16.9827   4.552112    144.745    16.8915   4.543294    213.346    217.058 5.5606e-06    93.6653    35.5298    35.4611       1372   1371.000          1  -33.92725  151.11675  0.000e+00
   16.9851   4.552235    144.914    16.8884   4.543170    213.676    217.068 7.2545e-06    93.7898    35.5296    35.4616       1373   1372.000          1  -33.92729  151.11668  0.000e+00
   16.9871   4.552193    145.093    16.8941   4.543079    213.623    216.738 5.9154e-06    93.7124    35.5293    35.4615       1374   1373.000          1  -33.92734  151.11661  0.000e+00
   16.9836   4.552310    144.872    16.8953   4.543143    213.689    216.801 7.8425e-06    93.7827    35.5290    35.4593       1375   1374.000          1  -33.92738  151.11655  0.000e+00
   16.9855   4.552584    144.857    16.8921   4.543009    213.748    216.765 7.1233e-06    93.8164    35.5289    35.4602       1376   1375.000          1  -33.92742  151.11648  0.000e+00
   16.9798   4.552400    144.928    16.8980   4.542911    214.079    216.573 8.5618e-06    93.8283    35.5278    35.4607       1377   1376.000          1  -33.92746  151.11641  0.000e+00
   16.9838   4.552618    144.970    16.9021   4.542999    214.118    216.565 1.2133e-05    93.7838    35.5282    35.4612       1378   1377.000          1  -33.92751  151.11634  0.000e+00
   16.9845   4.552775    144.874    16.9031   4.543260    214.539    216.394 1.4823e-05    93.8409    35.5287    35.4635       1379   1378.000          1  -33.92755  151.11628  0.000e+00
   16.9861   4.552796    145.035    16.9057   4.542984    215.116    216.560 1.4795e-05    93.9184    35.5284    35.4638       1380   1379.000          1  -33.92759  151.11621  0.000e+00
   16.9850   4.552649    144.894    16.9066   4.543090    215.045    216.440 1.0000e-12    93.8790    35.5297    35.4639       1381   1380.000          1  -33.92763  151.11614  0.000e+00
   16.9859   4.552473    144.951    16.9046   4.543146    215.198    216.666 2.0348e-06    93.8062    35.5309    35.4653       1382   1381.000          1  -33.92768  151.11608  0.000e+00
   16.9863   4.552465    144.864    16.9011   4.543018    215.181    216.469 1.9725e-06    93.8392    35.5312    35.4652       1383   1382.000          1  -33.92772  151.11601  0.000e+00
   16.9873   4.552656    144.685    16.8995   4.543192    215.288    216.542 3.9168e-06    93.7810    35.5301    35.4645       1384   1383.000          1  -33.92776  151.11594  0.000e+00
   16.9840   4.552749    144.815    16.9000   4.543062    215.368    216.501 3.4419e-06    93.7989    35.5313    35.4640       1385   1384.000          1  -33.92780  151.11587  0.000e+00
   16.9824   4.552600    144.918    16.8999   4.543259    215.611    216.668 1.0000e-12    93.7766    35.5303    35.4648       1386   1385.000          1  -33.92785  151.11581  0.000e+00
   16.9854   4.552508    144.945    16.9007   4.543228    215.589    216.444 1.3244e-07    93.8488    35.5285    35.4642       1387   1386.000          1  -33.92789  151.11574  0.000e+00
   16.9895   4.552763    144.969    16.8983   4.543192    215.648    216.518 4.3280e-07    93.7881    35.5284    35.4626       1388   1387.000          1  -33.92793  151.11567  0.000e+00
