testdataQC/live_realtime_demo.cnv
* Sea-Bird SBE 9 Data File:
* FileName = testdataQC/live_realtime_demo.hex
* Software Version Seasave V 7.26.7.110
* Temperature SN = 5932
* Conductivity SN = 3168
* Number of Bytes Per Scan = 41
* Number of Voltage Words = 4
* Number of Scans Averaged by the Deck Unit = 1
* NMEA Latitude = 33 52.13 S
* NMEA Longitude = 151 12.56 E
* NMEA UTC (Time) = Oct 08 2025  14:31:53
** Operator: Ella
** CTD config:
** Ship: Investigator
** Cruise: in2020_v09
** Station:  7
** Latitude:
** Longitude:
** Depth:
# nquan = 19
# nvalues = 0
# units = specified
# name 0 = t090C: Temperature [ITS-90, deg C]
# name 1 = c0S/m: Conductivity [S/m]
# name 2 = prDM: Pressure, Digiquartz [db]
# name 3 = t190C: Temperature, 2 [ITS-90, deg C]
# name 4 = c1S/m: Conductivity, 2 [S/m]
# name 5 = sbeox0Mm/L: Oxygen, SBE 43 [umol/l]
# name 6 = sbeox1Mm/L: Oxygen, SBE 43, 2 [umol/l]
# name 7 = par: PAR/Irradiance, Biospherical/Licor [umol photons/m^2/sec]
# name 8 = CStarTr0: Beam Transmission, WET Labs C-Star [%]
# name 9 = sal00: Salinity, Practical [PSU]
# name 10 = sal11: Salinity, Practical, 2 [PSU]
# name 11 = fleco_afl: Fluorescence [mg/m³]
# name 12 = ph: pH
# name 13 = scan: Scan Count
# name 14 = timeS: Time, Elapsed [seconds]
# name 15 = pumps: Pump Status
# name 16 = latitude: Latitude [deg]
# name 17 = longitude: Longitude [deg]
# name 18 = flag: 0.000e+00
# span 0 =      12.3276,      21.6890
# span 1 =     4.055418,     5.027629
# span 2 =        1.956,      292.795
# span 3 =      12.3361,      21.6988
# span 4 =     4.055566,     5.027419
# span 5 =     172.3590,     253.4380
# span 6 =     168.4760,     247.1880
# span 7 =   1.0000e-12,   3.2782e-05
# span 8 =      84.6324,      98.2135
# span 9 =      35.0889,      35.8769
# span 10 =      35.0814,      35.8393
# span 11 =            0,            2
# span 12 =       7.5000,       8.2000
# span 13 =            1,       304611
# span 14 =       0.0000,   12692.0830
# span 15 =       1.0000,       1.0000
# span 16 =  -3.5575e+01,  -3.5206e+01
# span 17 =     154.3095,     154.3313
# span 18 =       0.0000,       0.0000
# interval = seconds: 1.0
# start_time = Oct 08 2025 14:31:53 [System UTC, first data scan.]
# bad_flag = -9.99e-29
*END*
[from data line 689]
   17.0203   4.542953    147.884    16.9329   4.542052    215.188    202.955 6.5517e-06    91.4602    35.4788    35.4185      0.971      7.865        690    689.000          1  -33.89820  151.16275  0.000e+00
   17.0179   4.543210    147.911    16.9349   4.541914    215.493    202.584 9.3923e-06    91.5322    35.4791    35.4178      0.973      7.863        691    690.000          1  -33.89824  151.16269  0.000e+00
   17.0180   4.543057    148.018    16.9338   4.541852    215.623    202.740 1.1462e-05    91.4548    35.4792    35.4180      0.959      7.863        692    691.000          1  -33.89828  151.16262  0.000e+00
   17.0203   4.542843    147.863    16.9322   4.541745    215.700    202.897 9.8340e-06    91.4964    35.4793    35.4187      0.969      7.863        693    692.000          1  -33.89832  151.16255  0.000e+00
   17.0184   4.542997    147.864    16.9341   4.542064    215.343    203.283 9.2809e-06    91.5601    35.4786    35.4200      0.963      7.864        694    693.000          1  -33.89837  151.16249  0.000e+00
   17.0175   4.542785    148.081    16.9330   4.542573    215.452    203.156 9.7432e-06    91.6128    35.4781    35.4196      0.977      7.863        695    694.000          1  -33.89841  151.16242  0.000e+00
   17.0168   4.542618    147.910    16.9315   4.542273    215.447    203.139 1.0658e-05    91.4932    35.4791    35.4215      0.980      7.863        696    695.000          1  -33.89845  151.16235  0.000e+00
   17.0140   4.542641    147.435    16.9303   4.542221    215.408    203.119 9.2529e-06    91.5634    35.4800    35.4210      0.988      7.862        697    696.000          1  -33.89849  151.16228  0.000e+00
   17.0109   4.542594    147.262    16.9298   4.542412    215.772    203.231 9.7000e-06    91.5452    35.4799    35.4209      0.993      7.862        698    697.000          1  -33.89854  151.16222  0.000e+00
   17.0100   4.542915    147.283    16.9282   4.542742    215.977    203.162 1.2068e-05    91.4702    35.4804    35.4215      0.999      7.863        699    698.000          1  -33.89858  151.16215  0.000e+00
   17.0061   4.543356    146.951    16.9298   4.542974    216.197    203.053 1.2600e-05    91.3837    35.4813    35.4216      1.022      7.863        700    699.000          1  -33.89862  151.16208  0.000e+00
   17.0069   4.543723    147.065    16.9277   4.543019    215.819    202.961 1.3290e-05    91.3398    35.4828    35.4221      1.023      7.861        701    700.000          1  -33.89866  151.16201  0.000e+00
   17.0075   4.543820    146.957    16.9259   4.542981    216.099    203.335 1.3892e-05    91.3943    35.4844    35.4228      1.002      7.861        702    701.000          1  -33.89871  151.16195  0.000e+00
   17.0080   4.543684    146.760    16.9301   4.543055    215.537    203.041 1.5058e-05    91.4929    35.4836    35.4216      0.999      7.861        703    702.000          1  -33.89875  151.16188  0.000e+00
   17.0059   4.543554    146.945    16.9318   4.543316    215.355    202.915 1.6106e-05    91.4173    35.4842    35.4228      0.984      7.860        704    703.000          1  -33.89879  151.16181  0.000e+00
   17.0008   4.543471    146.777    16.9315   4.543446    215.177    202.910 1.6637e-05    91.4484    35.4839    35.4238      0.993      7.861        705    704.000          1  -33.89883  151.16174  0.000e+00
   17.0095   4.543816    146.601    16.9322   4.543320    215.286    202.645 1.4151e-05    91.4670    35.4842    35.4252      0.991      7.860        706    705.000          1  -33.89888  151.16168  0.000e+00
   17.0073   4.543750    146.445    16.9335   4.543386    215.284    202.605 1.7965e-05    91.5911    35.4834    35.4263      0.989      7.859        707    706.000          1  -33.89892  151.16161  0.000e+00
   17.0108   4.543438    146.376    16.9336   4.543686    215.176    202.696 1.0000e-12    91.5619    35.4832    35.4271      0.978      7.858        708    707.000          1  -33.89896  151.16154  0.000e+00
   17.0121   4.543507    146.224    16.9362   4.543600    214.838    202.395 6.6093e-07    91.7270    35.4839    35.4262      0.972      7.859        709    708.000          1  -33.89901  151.16147  0.000e+00
   17.0143   4.543568    146.487    16.9370   4.543551    214.664    202.235 8.4760e-07    91.7437    35.4840    35.4261      0.984      7.858        710    709.000          1  -33.89905  151.16141  0.000e+00
   17.0142   4.543273    146.601    16.9349   4.543619    214.468    202.222 4.8083e-08    91.6533    35.4818    35.4258      0.963      7.859        711    710.000          1  -33.89909  151.16134  0.000e+00
   17.0143   4.543081    146.670    16.9319   4.543834    214.539    202.029 1.4724e-06    91.7226    35.4821    35.4257      0.974      7.858        712    711.000          1  -33.89913  151.16127  0.000e+00
   17.0165   4.542921    146.597    16.9350   4.543720    214.139    201.736 1.4853e-06    91.6640    35.4819    35.4249      0.960      7.857        713    712.000          1  -33.89918  151.16120  0.000e+00
   17.0190   4.543077    146.599    16.9343   4.544106    213.863    201.929 3.8095e-08    91.4646    35.4811    35.4253      0.970      7.859        714    713.000          1  -33.89922  151.16114  0.000e+00
   17.0203   4.542979    146.667    16.9358   4.544372    213.970    201.996 4.0225e-06    91.3337    35.4835    35.4255      0.962      7.860        715    714.000          1  -33.89926  151.16107  0.000e+00
   17.0174   4.542578    146.631    16.9421   4.544294    214.026    201.729 1.0000e-12    91.3575    35.4841    35.4264      0.966      7.860        716    715.000          1  -33.89930  151.16100  0.000e+00
   17.0165   4.542859    146.730    16.9435   4.544246    213.992    202.121 1.0000e-12    91.4572    35.4838    35.4256      0.956      7.859        717    716.000          1  -33.89935  151.16093  0.000e+00
   17.0175   4.542992    146.773    16.9401   4.544120    214.265    201.943 1.5030e-06    91.2972    35.4830    35.4256      0.957      7.861        718    717.000          1  -33.89939  151.16087  0.000e+00
   17.0166   4.542583    146.701    16.9388   4.544272    214.035    202.263 1.3873e-06    91.2278    35.4854    35.4246      0.965      7.859        719    718.000          1  -33.89943  151.16080  0.000e+00
   17.0181   4.542870    146.626    16.9371   4.544158    214.255    201.999 2.2397e-06    91.3282    35.4861    35.4229      0.976      7.860        720    719.000          1  -33.89947  151.16073  0.000e+00
   17.0161   4.542880    146.750    16.9386   4.543895    214.068    202.259 7.7404e-07    91.3729    35.4857    35.4220      0.981      7.859        721    720.000          1  -33.89952  151.16066  0.000e+00
   17.0102   4.542596    147.012    16.9379   4.543733    214.241    202.267 1.6438e-06    91.3843    35.4851    35.4218      0.988      7.860        722    721.000          1  -33.89956  151.16060  0.000e+00
   17.0136   4.542738    146.857    16.9387   4.544062    214.216    202.327 1.0130e-06    91.5119    35.4851    35.4196      0.999      7.858        723    722.000          1  -33.89960  151.16053  0.000e+00
   17.0195   4.542615    147.104    16.9398   4.544288    214.018    202.381 7.7674e-07    91.5708    35.4857    35.4203      0.991      7.858        724    723.000          1  -33.89964  151.16046  0.000e+00
   17.0170   4.542791    147.000    16.9388   4.544445    213.830    202.072 1.6588e-07    91.5342    35.4890    35.4213      0.987      7.861        725    724.000          1  -33.89969  151.16039  0.000e+00
   17.0154   4.543111    146.736    16.9389   4.544690    213.688    202.417 6.7151e-07    91.5138    35.4886    35.4210      0.994      7.860        726    725.000          1  -33.89973  151.16033  0.000e+00
   17.0186   4.543036    146.698    16.9364   4.544870    213.717    202.676 2.0607e-06    91.5641    35.4876    35.4213      1.002      7.859        727    726.000          1  -33.89977  151.16026  0.000e+00
   17.0195   4.542976    146.641    16.9388   4.544862    213.552    202.963 1.0000e-12    91.5590    35.4865    35.4209      1.003      7.858        728    727.000          1  -33.89981  151.16019  0.000e+00
   17.0175   4.543001    146.801    16.9406   4.544766    213.548    202.860 3.5726e-06    91.5703    35.4850    35.4217      1.002      7.859        729    728.000          1  -33.89986  151.16012  0.000e+00
   17.0171   4.542927    146.776    16.9381   4.544910    213.434    202.655 4.1000e-06    91.4988    35.4841    35.4209      0.992      7.857        730    729.000          1  -33.89990  151.16006  0.000e+00
   17.0151   4.542847    146.635    16.9430   4.544655    213.927    202.618 4.4577e-06    91.4371    35.4838    35.4212      0.978      7.857        731    730.000          1  -33.89994  151.15999  0.000e+00
   17.0139   4.542526    146.477    16.9398   4.544734    213.917    202.528 3.7344e-06    91.3105    35.4829    35.4198      0.968      7.858        732    731.000          1  -33.89998  151.15992  0.000e+00
   17.0116   4.542849    146.414    16.9381   4.544416    213.647    202.604 2.3882e-06    91.2777    35.4826    35.4211      0.961      7.858        733    732.000          1  -33.90003  151.15985  0.000e+00
   17.0074   4.543066    146.095    16.9413   4.544415    213.809    202.935 9.9820e-07    91.2111    35.4821    35.4214      0.962      7.856        734    733.000          1  -33.90007  151.15979  0.000e+00
   17.0091   4.542964    145.902    16.9406   4.544469    213.817    202.925 1.8094e-06    91.1566    35.4813    35.4204      0.963      7.858        735    734.000          1  -33.90011  151.15972  0.000e+00
   17.0074   4.542839    145.778    16.9419   4.544451    213.619    202.828 7.0773e-08    91.0453    35.4814    35.4231      0.971      7.858        736    735.000          1  -33.90016  151.15965  0.000e+00
   17.0100   4.542621    145.873    16.9397   4.544594    213.947    202.825 3.7108e-07    91.0166    35.4806    35.4222      0.945      7.856        737    736.000          1  -33.90020  151.15958  0.000e+00
   17.0113   4.542610    145.671    16.9436   4.544582    213.922    203.175 3.7199e-06    91.1000    35.4811    35.4233      0.937      7.854        738    737.000          1  -33.90024  151.15952  0.000e+00
   17.0097   4.542566    145.690    16.9409   4.544772    214.041    202.690 4.6816e-06    91.2243    35.4810    35.4233      0.931      7.854        739    738.000          1  -33.90028  151.15945  0.000e+00
   17.0097   4.542580    145.639    16.9405   4.544414    213.958    202.511 6.6613e-06    91.2375    35.4805    35.4233      0.932      7.857        740    739.000          1  -33.90033  151.15938  0.000e+00
   17.0071   4.542469    145.681    16.9398   4.544241    213.952    202.581 8.4250e-06    91.1152    35.4807    35.4225      0.940      7.857        741    740.000          1  -33.90037  151.15931  0.000e+00
   17.0050   4.542470    145.670    16.9386   4.544368    213.982    202.772 9.0068e-06    91.3460    35.4808    35.4205      0.930      7.856        742    741.000          1  -33.90041  151.15925  0.000e+00
   17.0069   4.542498    145.757    16.9366   4.544453    214.048    202.822 1.0000e-12    91.3659    35.4810    35.4220      0.938      7.855        743    742.000          1  -33.90045  151.15918  0.000e+00
   17.0049   4.542220    145.822    16.9363   4.544680    213.944    202.989 2.3084e-06    91.2169    35.4809    35.4221      0.940      7.857        744    743.000          1  -33.90050  151.15911  0.000e+00
   17.0062   4.541920    145.837    16.9365   4.544569    213.982    203.069 9.3722e-07    91.1471    35.4808    35.4225      0.943      7.857        745    744.000          1  -33.90054  151.15904  0.000e+00
   17.0064   4.542014    145.592    16.9377   4.544404    214.258    202.530 1.0000e-12    91.1748    35.4811    35.4229      0.923      7.859        746    745.000          1  -33.90058  151.15898  0.000e+00
   17.0033   4.541735    145.877    16.9350   4.544063    214.247    202.044 1.2236e-06    91.0858    35.4822    35.4224      0.907      7.859        747    746.000          1  -33.90062  151.15891  0.000e+00
   16.9988   4.541669    145.687    16.9348   4.544036    213.988    201.758 8.3471e-07    91.1457    35.4809    35.4211      0.900      7.859        748    747.000          1  -33.90067  151.15884  0.000e+00
   16.9962   4.541596    145.681    16.9387   4.543983    213.639    202.109 1.7058e-06    91.0168    35.4815    35.4226      0.913      7.859        749    748.000          1  -33.90071  151.15878  0.000e+00
   16.9974   4.541514    145.554    16.9367   4.544018    213.665    202.258 1.0000e-12    91.0493    35.4814    35.4245      0.914      7.859        750    749.000          1  -33.90075  151.15871  0.000e+00
   16.9974   4.541879    145.481    16.9372   4.543965    213.590    202.396 2.6448e-06    91.1512    35.4818    35.4238      0.925      7.857        751    750.000          1  -33.90079  151.15864  0.000e+00
   17.0022   4.541723    145.650    16.9354   4.543935    213.642    202.096 1.0000e-12    91.2361    35.4816    35.4244      0.927      7.858        752    751.000          1  -33.90084  151.15857  0.000e+00
   16.9930   4.541516    145.744    16.9339   4.543742    213.431    201.793 2.1347e-06    91.2240    35.4803    35.4230      0.918      7.857        753    752.000          1  -33.90088  151.15851  0.000e+00
   16.9926   4.541071    145.700    16.9366   4.543397    213.192    201.432 1.9402e-06    91.2559    35.4793    35.4232      0.931      7.856        754    753.000          1  -33.90092  151.15844  0.000e+00
   16.9895   4.541168    145.442    16.9370   4.543236    213.229    201.295 2.3705e-07    91.1274    35.4796    35.4251      0.930      7.857        755    754.000          1  -33.90096  151.15837  0.000e+00
   16.9826   4.541385    145.611    16.9398   4.543282    213.071    201.472 1.2134e-06    91.2213    35.4780    35.4249      0.938      7.858        756    755.000          1  -33.90101  151.15830  0.000e+00
   16.9812   4.541337    145.373    16.9351   4.543198    213.157    201.056 1.4575e-06    91.1693    35.4782    35.4263      0.925      7.858        757    756.000          1  -33.90105  151.15824  0.000e+00
   16.9843   4.541142    145.358    16.9289   4.543234    213.255    200.932 1.0000e-12    90.9322    35.4772    35.4268      0.932      7.860        758    757.000          1  -33.90109  151.15817  0.000e+00
   16.9811   4.541257    145.291    16.9269   4.543378    213.248    201.233 1.4444e-06    91.0831    35.4764    35.4270      0.925      7.860        759    758.000          1  -33.90114  151.15810  0.000e+00
   16.9821   4.541426    145.398    16.9283   4.543268    213.560    201.268 1.5338e-06    91.3740    35.4777    35.4279      0.932      7.860        760    759.000          1  -33.90118  151.15803  0.000e+00
   16.9834   4.541879    145.226    16.9340   4.543722    213.382    201.390 5.5501e-07    91.3156    35.4777    35.4273      0.939      7.858        761    760.000          1  -33.90122  151.15797  0.000e+00
   16.9843   4.541788    145.532    16.9333   4.543590    213.390    201.291 8.3649e-07    91.2747    35.4791    35.4271      0.948      7.857        762    761.000          1  -33.90126  151.15790  0.000e+00
   16.9885   4.542100    145.765    16.9360   4.543574    213.031    201.147 4.1143e-06    91.3312    35.4787    35.4281      0.949      7.857        763    762.000          1  -33.90131  151.15783  0.000e+00
   16.9872   4.541805    145.870    16.9351   4.543875    213.000    201.103 2.7641e-06    91.4326    35.4799    35.4263      0.947      7.857        764    763.000          1  -33.90135  151.15776  0.000e+00
   16.9881   4.541687    145.787    16.9329   4.543697    212.887    201.175 1.7742e-06    91.5404    35.4805    35.4252      0.942      7.859        765    764.000          1  -33.90139  151.15770  0.000e+00
