testdataQC/live_realtime_demo.cnv
* Sea-Bird SBE 9 Data File:
* FileName = testdataQC/live_realtime_demo.hex
* Software Version Seasave V 7.26.7.110
* Temperature SN = 5932
* Conductivity SN = 3168
* Number of Bytes Per Scan = 41
* Number of Voltage Words = 4
* Number of Scans Averaged by the Deck Unit = 1
* NMEA Latitude = 33 52.13 S
* NMEA Longitude = 151 12.56 E
* NMEA UTC (Time) = Sep 28 2025  09:58:11
** Operator: Ella
** CTD config:
** Ship: Investigator
** Cruise: in2020_v09
** Station:  7
** Latitude:
** Longitude:
** Depth:
# nquan = 17
# nvalues = 0
# units = specified
# name 0 = t090C: Temperature [ITS-90, deg C]
# name 1 = c0S/m: Conductivity [S/m]
# name 2 = prDM: Pressure, Digiquartz [db]
# name 3 = t190C: Temperature, 2 [ITS-90, deg C]
# name 4 = c1S/m: Conductivity, 2 [S/m]
# name 5 = sbeox0Mm/L: Oxygen, SBE 43 [umol/l]
# name 6 = sbeox1Mm/L: Oxygen, SBE 43, 2 [umol/l]
# name 7 = par: PAR/Irradiance, Biospherical/Licor [umol photons/m^2/sec]
# name 8 = CStarTr0: Beam Transmission, WET Labs C-Star [%]
# name 9 = sal00: Salinity, Practical [PSU]
# name 10 = sal11: Salinity, Practical, 2 [PSU]
# name 11 = scan: Scan Count
# name 12 = timeS: Time, Elapsed [seconds]
# name 13 = pumps: Pump Status
# name 14 = latitude: Latitude [deg]
# name 15 = longitude: Longitude [deg]
# name 16 = flag: 0.000e+00
# span 0 =      12.3276,      21.6890
# span 1 =     4.055418,     5.027629
# span 2 =        1.956,      292.795
# span 3 =      12.3361,      21.6988
# span 4 =     4.055566,     5.027419
# span 5 =     172.3590,     253.4380
# span 6 =     168.4760,     247.1880
# span 7 =   1.0000e-12,   3.2782e-05
# span 8 =      84.6324,      98.2135
# span 9 =      35.0889,      35.8769
# span 10 =      35.0814,      35.8393
# span 11 =            1,       304611
# span 12 =       0.0000,   12692.0830
# span 13 =            1,            1
# span 14 =     -35.5746,     -35.2062
# span 15 =     154.3095,     154.3313
# span 16 =   0.0000e+00,   0.0000e+00
# interval = seconds: 1.0
# start_time = Sep 28 2025 09:58:11 [System UTC, first data scan.]
# bad_flag = -9.99e-29
*END*
[from data line 942]
   17.0271   4.550359    145.133    16.9460   4.543459    214.529    208.718 1.9721e-06    90.2105    35.5057    35.4462        943    942.000          1  -33.90897  151.14569  0.000e+00
   17.0220   4.549964    145.171    16.9461   4.543135    214.425    208.795 1.4387e-06    90.2073    35.5048    35.4465        944    943.000          1  -33.90902  151.14562  0.000e+00
   17.0210   4.549820    145.426    16.9458   4.542833    214.061    208.778 2.2877e-06    90.0413    35.5052    35.4474        945    944.000          1  -33.90906  151.14555  0.000e+00
   17.0208   4.549547    145.346    16.9500   4.543215    213.876    208.831 3.1573e-06    90.1062    35.5030    35.4451        946    945.000          1  -33.90910  151.14549  0.000e+00
   17.0164   4.549780    145.337    16.9438   4.543187    213.667    209.168 2.6180e-06    89.9009    35.5027    35.4453        947    946.000          1  -33.90914  151.14542  0.000e+00
   17.0175   4.549697    145.183    16.9470   4.542917    213.424    209.221 2.8212e-06    89.8110    35.5015    35.4458        948    947.000          1  -33.90919  151.14535  0.000e+00
   17.0166   4.549775    144.922    16.9575   4.543009    213.400    209.265 3.1573e-06    89.8132    35.5029    35.4466        949    948.000          1  -33.90923  151.14528  0.000e+00
   17.0157   4.549577    145.129    16.9581   4.543148    213.307    209.213 4.5053e-06    89.7515    35.5028    35.4453        950    949.000          1  -33.90927  151.14522  0.000e+00
   17.0063   4.549210    145.124    16.9559   4.543179    213.473    209.329 4.6009e-06    89.7451    35.5034    35.4454        951    950.000          1  -33.90931  151.14515  0.000e+00
   17.0042   4.549334    144.963    16.9570   4.543166    213.080    209.591 3.7771e-06    89.8237    35.5046    35.4459        952    951.000          1  -33.90936  151.14508  0.000e+00
   17.0055   4.549037    144.900    16.9602   4.543279    212.824    209.690 4.2233e-06    89.7972    35.5056    35.4462        953    952.000          1  -33.90940  151.14501  0.000e+00
   17.0052   4.549138    145.030    16.9569   4.543628    212.827    209.610 1.0000e-12    89.9221    35.5055    35.4459        954    953.000          1  -33.90944  151.14495  0.000e+00
   17.0015   4.549546    145.196    16.9579   4.543733    212.850    209.529 1.0000e-12    89.8337    35.5054    35.4434        955    954.000          1  -33.90949  151.14488  0.000e+00
   17.0035   4.549692    145.179    16.9541   4.543654    212.854    209.783 8.4809e-07    89.8572    35.5060    35.4435        956    955.000          1  -33.90953  151.14481  0.000e+00
   17.0025   4.549443    145.113    16.9522   4.543441    212.869    209.728 1.6263e-06    89.8724    35.5051    35.4442        957    956.000          1  -33.90957  151.14474  0.000e+00
   17.0012   4.549359    145.404    16.9435   4.543486    212.622    209.574 2.9959e-06    89.8481    35.5039    35.4462        958    957.000          1  -33.90961  151.14468  0.000e+00
   17.0017   4.549601    145.445    16.9463   4.543716    212.856    209.326 8.4215e-07    89.8059    35.5057    35.4471        959    958.000          1  -33.90966  151.14461  0.000e+00
   16.9987   4.549234    145.530    16.9472   4.543772    212.693    209.249 7.0706e-08    89.6406    35.5056    35.4474        960    959.000          1  -33.90970  151.14454  0.000e+00
   17.0007   4.549248    145.403    16.9475   4.543730    212.738    209.242 1.2350e-06    89.6543    35.5055    35.4467        961    960.000          1  -33.90974  151.14447  0.000e+00
   17.0043   4.549380    145.210    16.9444   4.543438    212.617    209.367 2.4096e-07    89.9309    35.5069    35.4475        962    961.000          1  -33.90978  151.14441  0.000e+00
   17.0062   4.549353    145.281    16.9460   4.543432    212.952    209.438 1.0000e-12    89.9171    35.5068    35.4473        963    962.000          1  -33.90983  151.14434  0.000e+00
   17.0050   4.549324    145.210    16.9464   4.543460    212.614    209.471 1.3214e-06    89.9751    35.5070    35.4488        964    963.000          1  -33.90987  151.14427  0.000e+00
   17.0042   4.549426    145.331    16.9450   4.543193    212.865    209.608 6.7386e-07    89.8859    35.5077    35.4487        965    964.000          1  -33.90991  151.14420  0.000e+00
   17.0000   4.549614    145.289    16.9455   4.543105    213.041    209.625 4.8974e-07    89.8810    35.5081    35.4501        966    965.000          1  -33.90995  151.14414  0.000e+00
   17.0074   4.549111    145.423    16.9425   4.543458    213.371    209.761 2.2021e-06    90.1313    35.5081    35.4477        967    966.000          1  -33.91000  151.14407  0.000e+00
   17.0109   4.549362    145.324    16.9433   4.543235    212.949    209.766 1.0138e-06    90.0971    35.5087    35.4462        968    967.000          1  -33.91004  151.14400  0.000e+00
   17.0132   4.549447    145.283    16.9453   4.543536    212.771    209.731 7.0864e-07    90.1228    35.5090    35.4460        969    968.000          1  -33.91008  151.14393  0.000e+00
   17.0110   4.549142    145.186    16.9512   4.543541    212.855    209.711 2.6296e-06    90.0761    35.5093    35.4455        970    969.000          1  -33.91012  151.14387  0.000e+00
   17.0118   4.549225    145.219    16.9476   4.543577    212.804    210.031 5.8279e-06    89.9849    35.5099    35.4446        971    970.000          1  -33.91017  151.14380  0.000e+00
   17.0166   4.548994    145.126    16.9459   4.543529    213.315    210.042 6.5084e-06    90.0170    35.5099    35.4451        972    971.000          1  -33.91021  151.14373  0.000e+00
   17.0169   4.549129    145.010    16.9474   4.543416    213.396    210.028 6.7086e-06    90.0373    35.5102    35.4461        973    972.000          1  -33.91025  151.14366  0.000e+00
   17.0134   4.549282    144.903    16.9494   4.543426    213.166    209.986 6.9592e-06    90.1982    35.5104    35.4454        974    973.000          1  -33.91029  151.14360  0.000e+00
   17.0148   4.549319    145.214    16.9448   4.543179    213.376    210.145 8.0426e-06    90.1568    35.5101    35.4448        975    974.000          1  -33.91034  151.14353  0.000e+00
   17.0172   4.549201    145.269    16.9438   4.543084    213.471    210.766 9.2024e-06    90.3725    35.5110    35.4457        976    975.000          1  -33.91038  151.14346  0.000e+00
   17.0203   4.549123    145.136    16.9470   4.543122    213.363    210.551 9.6760e-06    90.3990    35.5107    35.4460        977    976.000          1  -33.91042  151.14339  0.000e+00
   17.0267   4.549081    145.179    16.9449   4.543203    213.045    210.390 7.5954e-06    90.4466    35.5105    35.4464        978    977.000          1  -33.91047  151.14333  0.000e+00
   17.0260   4.548963    145.254    16.9460   4.542893    213.384    210.310 7.4190e-06    90.2573    35.5108    35.4478        979    978.000          1  -33.91051  151.14326  0.000e+00
   17.0237   4.548865    145.062    16.9500   4.542668    213.367    210.158 7.1975e-06    90.2177    35.5100    35.4481        980    979.000          1  -33.91055  151.14319  0.000e+00
   17.0220   4.548757    145.077    16.9509   4.542775    213.232    209.788 7.6138e-06    90.2554    35.5101    35.4499        981    980.000          1  -33.91059  151.14313  0.000e+00
   17.0212   4.548522    145.100    16.9488   4.542497    213.304    209.917 7.1253e-06    90.3423    35.5100    35.4497        982    981.000          1  -33.91064  151.14306  0.000e+00
   17.0213   4.548937    145.020    16.9501   4.542227    213.147    210.104 5.2898e-06    90.4463    35.5111    35.4493        983    982.000          1  -33.91068  151.14299  0.000e+00
   17.0180   4.548676    144.972    16.9475   4.542119    213.179    210.333 7.0343e-06    90.4548    35.5108    35.4519        984    983.000          1  -33.91072  151.14292  0.000e+00
   17.0213   4.549082    144.989    16.9474   4.541956    213.254    210.500 4.8573e-06    90.5203    35.5127    35.4517        985    984.000          1  -33.91076  151.14286  0.000e+00
   17.0202   4.549524    145.077    16.9451   4.541791    213.318    210.284 4.8426e-06    90.4319    35.5135    35.4513        986    985.000          1  -33.91081  151.14279  0.000e+00
   17.0182   4.549590    145.162    16.9435   4.541655    213.345    210.680 9.2177e-07    90.3217    35.5129    35.4510        987    986.000          1  -33.91085  151.14272  0.000e+00
   17.0150   4.549713    145.169    16.9410   4.541826    213.275    210.725 2.1146e-06    90.4520    35.5126    35.4506        988    987.000          1  -33.91089  151.14265  0.000e+00
   17.0156   4.549606    144.919    16.9384   4.541981    213.100    210.901 3.0801e-06    90.5627    35.5128    35.4510        989    988.000          1  -33.91093  151.14259  0.000e+00
   17.0157   4.549494    144.766    16.9390   4.542083    213.307    210.848 6.7180e-07    90.3579    35.5136    35.4505        990    989.000          1  -33.91098  151.14252  0.000e+00
   17.0197   4.549647    144.976    16.9428   4.541767    213.046    210.778 2.6892e-06    90.1368    35.5137    35.4518        991    990.000          1  -33.91102  151.14245  0.000e+00
   17.0193   4.549921    144.840    16.9370   4.541576    212.886    210.781 1.0000e-12    90.2616    35.5123    35.4501        992    991.000          1  -33.91106  151.14238  0.000e+00
   17.0180   4.549800    144.927    16.9363   4.541829    212.913    210.770 1.6869e-06    90.3488    35.5113    35.4508        993    992.000          1  -33.91110  151.14232  0.000e+00
   17.0198   4.549837    144.572    16.9315   4.541609    212.695    210.815 4.6548e-08    90.4616    35.5127    35.4500        994    993.000          1  -33.91115  151.14225  0.000e+00
   17.0228   4.549683    144.598    16.9271   4.541584    212.619    210.698 3.6209e-07    90.3314    35.5120    35.4510        995    994.000          1  -33.91119  151.14218  0.000e+00
   17.0214   4.549776    144.370    16.9240   4.541612    212.661    210.486 2.4523e-06    90.3184    35.5126    35.4511        996    995.000          1  -33.91123  151.14211  0.000e+00
   17.0258   4.549877    144.413    16.9128   4.541696    212.644    210.285 1.0000e-12    90.2110    35.5101    35.4509        997    996.000          1  -33.91127  151.14205  0.000e+00
   17.0289   4.550001    144.576    16.9095   4.541906    212.638    210.553 1.7608e-06    90.2179    35.5110    35.4529        998    997.000          1  -33.91132  151.14198  0.000e+00
   17.0327   4.550358    144.690    16.9111   4.541986    213.103    210.770 4.4592e-07    90.2873    35.5108    35.4525        999    998.000          1  -33.91136  151.14191  0.000e+00
   17.0347   4.550312    144.599    16.9055   4.541997    212.940    211.075 1.0000e-12    90.1551    35.5102    35.4522       1000    999.000          1  -33.91140  151.14184  0.000e+00
   17.0323   4.550590    144.563    16.9066   4.542271    212.886    211.198 4.5101e-07    90.0976    35.5098    35.4524       1001   1000.000          1  -33.91144  151.14178  0.000e+00
   17.0352   4.550889    144.496    16.9101   4.542556    212.717    211.325 2.6812e-06    90.1414    35.5092    35.4521       1002   1001.000          1  -33.91149  151.14171  0.000e+00
   17.0357   4.550625    144.368    16.9147   4.542809    212.828    211.338 2.0337e-06    90.1021    35.5083    35.4528       1003   1002.000          1  -33.91153  151.14164  0.000e+00
   17.0336   4.550587    144.202    16.9142   4.542909    212.667    211.443 4.7516e-07    90.1675    35.5079    35.4545       1004   1003.000          1  -33.91157  151.14157  0.000e+00
   17.0291   4.550453    144.405    16.9095   4.542717    212.809    211.354 1.0000e-12    90.1446    35.5073    35.4535       1005   1004.000          1  -33.91162  151.14151  0.000e+00
   17.0308   4.550430    144.419    16.9143   4.542443    212.719    211.253 1.5846e-06    90.1171    35.5050    35.4541       1006   1005.000          1  -33.91166  151.14144  0.000e+00
   17.0367   4.550464    144.575    16.9208   4.542707    212.512    211.413 4.6763e-07    90.0920    35.5049    35.4528       1007   1006.000          1  -33.91170  151.14137  0.000e+00
   17.0357   4.550209    144.480    16.9156   4.542777    212.557    211.052 3.2225e-06    90.0800    35.5055    35.4534       1008   1007.000          1  -33.91174  151.14130  0.000e+00
   17.0340   4.550438    144.583    16.9161   4.542989    212.408    211.003 1.2393e-06    90.0985    35.5063    35.4519       1009   1008.000          1  -33.91179  151.14124  0.000e+00
   17.0323   4.550563    144.407    16.9120   4.542998    212.364    210.843 1.0000e-12    90.0119    35.5060    35.4523       1010   1009.000          1  -33.91183  151.14117  0.000e+00
   17.0358   4.550608    144.462    16.9077   4.542829    212.637    210.932 1.4092e-06    89.9563    35.5054    35.4533       1011   1010.000          1  -33.91187  151.14110  0.000e+00
   17.0344   4.550941    144.288    16.9098   4.543051    212.899    211.093 9.9680e-07    89.9374    35.5043    35.4533       1012   1011.000          1  -33.91191  151.14103  0.000e+00
   17.0299   4.551126    144.299    16.9051   4.542960    212.835    210.863 9.9175e-07    89.9589    35.5044    35.4539       1013   1012.000          1  -33.91196  151.14097  0.000e+00
   17.0296   4.550988    144.483    16.9060   4.542922    212.838    210.990 2.5866e-06    89.9729    35.5033    35.4532       1014   1013.000          1  -33.91200  151.14090  0.000e+00
   17.0311   4.550954    144.637    16.9059   4.542636    213.189    211.005 3.0037e-06    90.0696    35.5025    35.4534       1015   1014.000          1  -33.91204  151.14083  0.000e+00
   17.0325   4.551107    144.849    16.9019   4.542742    213.042    211.251 3.8046e-06    90.0492    35.5036    35.4535       1016   1015.000          1  -33.91208  151.14076  0.000e+00
   17.0309   4.551368    144.931    16.9047   4.542729    213.103    211.267 4.3517e-06    90.0919    35.5033    35.4522       1017   1016.000          1  -33.91213  151.14070  0.000e+00
   17.0281   4.551493    144.904    16.9097   4.542655    213.141    211.786 4.9427e-06    90.0899    35.5029    35.4511       1018   1017.000          1  -33.91217  151.14063  0.000e+00
   17.0301   4.551354    145.041    16.9084   4.542808    213.080    211.677 3.2098e-06    90.0735    35.5010    35.4520       1019   1018.000          1  -33.91221  151.14056  0.000e+00
   17.0336   4.550863    145.125    16.9046   4.542939    213.089    211.768 1.0000e-12    90.1122    35.5021    35.4511       1020   1019.000          1  -33.91225  151.14049  0.000e+00
   17.0297   4.551046    145.282    16.9109   4.543049    213.014    211.954 1.6589e-06    89.8903    35.5020    35.4517       1021   1020.000          1  -33.91230  151.14043  0.000e+00
   17.0307   4.551037    145.329    16.9152   4.543255    213.020    212.127 5.7101e-07    89.9471    35.5010    35.4517       1022   1021.000          1  -33.91234  151.14036  0.000e+00
   17.0279   4.550954    145.243    16.9113   4.543089    212.854    212.119 4.1316e-06    90.1380    35.5011    35.4517       1023   1022.000          1  -33.91238  151.14029  0.000e+00
   17.0276   4.551055    145.104    16.9113   4.543287    212.816    212.388 5.7569e-06    90.3804    35.4991    35.4538       1024   1023.000          1  -33.91242  151.14022  0.000e+00
   17.0260   4.551097    144.983    16.9104   4.543039    212.618    212.454 5.3328e-06    90.3474    35.4974    35.4550       1025   1024.000          1  -33.91247  151.14016  0.000e+00
   17.0277   4.551422    144.889    16.9122   4.543143    212.581    212.679 5.7013e-06    90.5643    35.4975    35.4546       1026   1025.000          1  -33.91251  151.14009  0.000e+00
