testdataQC/live_realtime_demo.cnv
* Sea-Bird SBE 9 Data File:
* FileName = testdataQC/live_realtime_demo.hex
* Software Version Seasave V 7.26.7.110
* Temperature SN = 5932
* Conductivity SN = 3168
* Number of Bytes Per Scan = 41
* Number of Voltage Words = 4
* Number of Scans Averaged by the Deck Unit = 1
* NMEA Latitude = 33 52.13 S
* NMEA Longitude = 151 12.56 E
* NMEA UTC (Time) = Oct 07 2025  03:55:58
** Operator: Ella
** CTD config:
** Ship: Investigator
** Cruise: in2020_v09
** Station:  7
** Latitude:
** Longitude:
** Depth:
# nquan = 17
# nvalues = 0
# units = specified
# name 0 = t090C: Temperature [ITS-90, deg C]
# name 1 = c0S/m: Conductivity [S/m]
# name 2 = prDM: Pressure, Digiquartz [db]
# name 3 = t190C: Temperature, 2 [ITS-90, deg C]
# name 4 = c1S/m: Conductivity, 2 [S/m]
# name 5 = sbeox0Mm/L: Oxygen, SBE 43 [umol/l]
# name 6 = sbeox1Mm/L: Oxygen, SBE 43, 2 [umol/l]
# name 7 = par: PAR/Irradiance, Biospherical/Licor [umol photons/m^2/sec]
# name 8 = CStarTr0: Beam Transmission, WET Labs C-Star [%]
# name 9 = sal00: Salinity, Practical [PSU]
# name 10 = sal11: Salinity, Practical, 2 [PSU]
# name 11 = scan: Scan Count
# name 12 = timeS: Time, Elapsed [seconds]
# name 13 = pumps: Pump Status
# name 14 = latitude: Latitude [deg]
# name 15 = longitude: Longitude [deg]
# name 16 = flag: 0.000e+00
# span 0 =      12.3276,      21.6890
# span 1 =     4.055418,     5.027629
# span 2 =        1.956,      292.795
# span 3 =      12.3361,      21.6988
# span 4 =     4.055566,     5.027419
# span 5 =     172.3590,     253.4380
# span 6 =     168.4760,     247.1880
# span 7 =   1.0000e-12,   3.2782e-05
# span 8 =      84.6324,      98.2135
# span 9 =      35.0889,      35.8769
# span 10 =      35.0814,      35.8393
# span 11 =            1,       304611
# span 12 =       0.0000,   12692.0830
# span 13 =            1,            1
# span 14 =     -35.5746,     -35.2062
# span 15 =     154.3095,     154.3313
# span 16 =   0.0000e+00,   0.0000e+00
# interval = seconds: 1.0
# start_time = Oct 07 2025 03:55:58 [System UTC, first data scan.]
# bad_flag = -9.99e-29
*END*
   17.0107   4.541601    147.303    17.0201   4.541131    212.696    207.995 1.6338e-05    91.4113    35.4836    35.4610          1      0.000          1  -33.86884  151.20923  0.000e+00
   17.0350   4.542515    146.059    17.0105   4.542420    213.622    207.907 4.3617e-06    91.7441    35.4879    35.4526         27     26.000          1  -33.86995  151.20748  0.000e+00
   16.9937   4.534240    148.751    16.9789   4.545002    215.746    212.997 9.5200e-07    96.8377    35.4856    35.4930        524    523.000          1  -33.89112  151.17395  0.000e+00
   16.9817   4.540403    145.932    17.0871   4.541823    217.041    205.002 5.3718e-08    89.6792    35.4362    35.4594        612    611.000          1  -33.89487  151.16802  0.000e+00
   16.9813   4.546717    146.171    17.0360   4.540830    214.999    205.081 1.5355e-06    90.3071    35.4743    35.4522        281    280.000          1  -33.88077  151.19034  0.000e+00
   16.9754   4.532983    148.964    16.9568   4.529725    209.509    203.640 2.2877e-07    97.4261    35.4451    35.4554       2124   2123.000          1  -33.95929  151.06602  0.000e+00
   16.8860   4.541889    145.113    17.0514   4.542337    210.169    208.747 3.0448e-06    87.9957    35.4778    35.4576        170    169.000          1  -33.87604  151.19783  0.000e+00
   17.0011   4.536151    145.791    17.0700   4.534898    201.303    206.058 7.4807e-06    87.2932    35.4465    35.4534        783    782.000          1  -33.90216  151.15648  0.000e+00
   17.0121   4.541435    146.934    17.0200   4.541485    212.789    208.059 1.5454e-05    91.4016    35.4830    35.4614          2      1.000          1  -33.86889  151.20917  0.000e+00
   17.0338   4.542607    146.234    17.0120   4.542343    213.688    208.092 5.0017e-06    91.7232    35.4892    35.4513         28     27.000          1  -33.86999  151.20741  0.000e+00
   16.9933   4.534465    148.748    16.9826   4.545111    215.403    212.838 5.7598e-07    96.9319    35.4862    35.4947        525    524.000          1  -33.89117  151.17389  0.000e+00
   16.9765   4.540346    146.108    17.0903   4.541729    217.196    205.194 2.7193e-06    89.7818    35.4354    35.4568        613    612.000          1  -33.89492  151.16795  0.000e+00
   16.9799   4.546643    146.269    17.0394   4.540752    215.065    205.170 1.2344e-06    90.2757    35.4739    35.4510        282    281.000          1  -33.88081  151.19028  0.000e+00
   16.9748   4.533005    148.750    16.9551   4.529929    209.152    203.471 3.6343e-07    97.5734    35.4451    35.4563       2125   2124.000          1  -33.95933  151.06595  0.000e+00
   16.8880   4.541907    145.140    17.0434   4.542046    210.088    208.954 3.4526e-06    87.9977    35.4783    35.4575        171    170.000          1  -33.87608  151.19776  0.000e+00
   17.0021   4.536060    145.676    17.0700   4.534926    201.344    206.205 5.5081e-06    87.3244    35.4469    35.4549        784    783.000          1  -33.90220  151.15641  0.000e+00
   17.0107   4.541363    146.971    17.0181   4.541520    212.916    208.376 1.5954e-05    91.3632    35.4826    35.4610          3      2.000          1  -33.86893  151.20910  0.000e+00
   17.0327   4.542302    146.178    17.0155   4.542624    213.776    208.107 1.0767e-06    91.7551    35.4893    35.4506         29     28.000          1  -33.87004  151.20734  0.000e+00
   16.9932   4.534702    149.043    16.9808   4.545260    215.496    213.164 3.0512e-06    96.8422    35.4868    35.4945        526    525.000          1  -33.89121  151.17382  0.000e+00
   16.9707   4.540119    146.305    17.0926   4.541638    217.485    205.018 1.6813e-06    89.9384    35.4343    35.4567        614    613.000          1  -33.89496  151.16788  0.000e+00
   16.9814   4.546785    146.275    17.0362   4.541050    214.973    205.080 6.4809e-07    90.2800    35.4742    35.4505        283    282.000          1  -33.88086  151.19021  0.000e+00
   16.9715   4.533354    148.801    16.9567   4.529943    208.755    203.420 3.6755e-06    97.5547    35.4448    35.4580       2126   2125.000          1  -33.95937  151.06589  0.000e+00
   16.8899   4.541913    145.568    17.0453   4.542036    210.014    209.095 5.2087e-06    88.0723    35.4774    35.4568        172    171.000          1  -33.87613  151.19770  0.000e+00
   17.0013   4.535893    145.618    17.0697   4.534857    201.434    206.199 4.9434e-06    87.3152    35.4489    35.4556        785    784.000          1  -33.90224  151.15635  0.000e+00
   17.0180   4.541228    146.669    17.0171   4.541697    212.749    208.137 1.6589e-05    91.4921    35.4802    35.4604          4      3.000          1  -33.86897  151.20903  0.000e+00
   17.0340   4.542357    145.974    17.0158   4.542412    214.163    208.085 1.0000e-12    91.7729    35.4879    35.4523         30     29.000          1  -33.87008  151.20728  0.000e+00
   16.9911   4.534769    149.017    16.9857   4.545297    215.459    213.125 2.1729e-06    96.9178    35.4869    35.4941        527    526.000          1  -33.89125  151.17375  0.000e+00
   16.9674   4.540161    146.191    17.0966   4.541773    217.005    204.848 2.3430e-06    90.0503    35.4342    35.4580        615    614.000          1  -33.89500  151.16781  0.000e+00
   16.9827   4.546892    146.213    17.0327   4.541014    214.943    204.802 5.1817e-07    90.1767    35.4758    35.4496        284    283.000          1  -33.88090  151.19014  0.000e+00
   16.9701   4.533223    148.691    16.9542   4.530357    208.750    203.628 3.6467e-06    97.5498    35.4454    35.4581       2127   2126.000          1  -33.95942  151.06582  0.000e+00
   16.8916   4.541521    145.487    17.0501   4.541910    210.039    209.057 2.5021e-06    87.8041    35.4780    35.4559        173    172.000          1  -33.87617  151.19763  0.000e+00
   17.0011   4.536111    145.198    17.0707   4.534858    201.786    205.855 7.3395e-06    87.2243    35.4490    35.4540        786    785.000          1  -33.90229  151.15628  0.000e+00
   17.0185   4.541164    146.563    17.0157   4.541913    212.903    207.847 1.5345e-05    91.5832    35.4797    35.4611          5      4.000          1  -33.86901  151.20896  0.000e+00
   17.0377   4.542482    146.084    17.0127   4.542518    214.336    208.373 7.2457e-07    91.8472    35.4886    35.4535         31     30.000          1  -33.87012  151.20721  0.000e+00
   16.9882   4.534739    149.026    16.9874   4.545194    215.505    213.248 5.3355e-07    96.7360    35.4870    35.4951        528    527.000          1  -33.89129  151.17368  0.000e+00
   16.9698   4.540244    146.174    17.1020   4.541587    217.361    204.916 3.8682e-06    90.1291    35.4330    35.4577        616    615.000          1  -33.89504  151.16775  0.000e+00
   16.9826   4.546999    146.414    17.0324   4.540789    214.675    204.885 3.5427e-06    90.2665    35.4762    35.4494        285    284.000          1  -33.88094  151.19007  0.000e+00
   16.9668   4.532959    148.653    16.9500   4.530331    208.970    203.641 1.0000e-12    97.5343    35.4461    35.4583       2128   2127.000          1  -33.95946  151.06575  0.000e+00
   16.8941   4.541864    145.660    17.0508   4.541820    210.563    208.928 3.4978e-06    87.8070    35.4780    35.4548        174    173.000          1  -33.87621  151.19756  0.000e+00
   17.0015   4.536131    145.108    17.0724   4.534746    201.519    206.006 1.0000e-12    87.3714    35.4476    35.4541        787    786.000          1  -33.90233  151.15621  0.000e+00
   17.0190   4.540999    146.655    17.0143   4.541645    213.052    207.950 1.5865e-05    91.3652    35.4816    35.4605          6      5.000          1  -33.86906  151.20890  0.000e+00
   17.0379   4.542698    145.861    17.0075   4.542478    214.046    208.319 1.3184e-06    91.8036    35.4884    35.4531         32     31.000          1  -33.87016  151.20714  0.000e+00
   16.9881   4.534672    149.045    16.9871   4.545262    215.794    212.990 1.1545e-06    96.8425    35.4896    35.4952        529    528.000          1  -33.89134  151.17362  0.000e+00
   16.9650   4.540402    145.904    17.1000   4.541961    217.497    204.701 1.0000e-12    90.0296    35.4326    35.4591        617    616.000          1  -33.89509  151.16768  0.000e+00
   16.9851   4.547109    146.383    17.0325   4.540433    214.895    204.862 5.0646e-06    90.1922    35.4749    35.4482        286    285.000          1  -33.88098  151.19001  0.000e+00
   16.9641   4.532989    148.654    16.9518   4.530202    208.863    203.437 1.0000e-12    97.7235    35.4474    35.4593       2129   2128.000          1  -33.95950  151.06568  0.000e+00
   16.9006   4.541840    145.797    17.0451   4.541499    210.776    209.158 1.6643e-06    87.8859    35.4786    35.4548        175    174.000          1  -33.87626  151.19750  0.000e+00
   16.9967   4.536202    145.142    17.0753   4.534909    201.502    206.023 1.0708e-06    87.2942    35.4476    35.4548        788    787.000          1  -33.90237  151.15614  0.000e+00
   17.0236   4.541275    146.671    17.0089   4.541545    213.050    207.796 1.0000e-12    91.3331    35.4834    35.4602          7      6.000          1  -33.86910  151.20883  0.000e+00
   17.0369   4.542636    145.788    17.0096   4.542416    214.018    208.464 1.3489e-06    91.9001    35.4895    35.4524         33     32.000          1  -33.87021  151.20707  0.000e+00
   16.9857   4.534794    149.048    16.9895   4.545529    215.905    213.155 2.1599e-06    96.8520    35.4883    35.4947        530    529.000          1  -33.89138  151.17355  0.000e+00
   16.9625   4.540398    145.710    17.1026   4.541857    217.825    204.787 4.1958e-07    89.9753    35.4329    35.4584        618    617.000          1  -33.89513  151.16761  0.000e+00
   16.9881   4.547427    146.406    17.0325   4.540437    214.920    204.781 1.0000e-12    90.3239    35.4763    35.4493        287    286.000          1  -33.88103  151.18994  0.000e+00
   16.9714   4.532725    148.592    16.9569   4.530036    209.215    203.476 7.4475e-07    97.7015    35.4467    35.4587       2130   2129.000          1  -33.95954  151.06562  0.000e+00
   16.8991   4.542311    145.770    17.0483   4.541655    210.610    208.995 2.4092e-06    88.1021    35.4796    35.4545        176    175.000          1  -33.87630  151.19743  0.000e+00
   16.9988   4.536117    145.254    17.0739   4.535106    201.517    205.557 9.8868e-07    87.5575    35.4473    35.4535        789    788.000          1  -33.90241  151.15608  0.000e+00
   17.0212   4.541344    146.627    17.0076   4.541510    213.204    207.771 9.1295e-07    91.2356    35.4842    35.4596          8      7.000          1  -33.86914  151.20876  0.000e+00
   17.0393   4.542710    145.769    17.0059   4.542891    213.807    208.408 1.2028e-06    91.8556    35.4927    35.4516         34     33.000          1  -33.87025  151.20701  0.000e+00
   16.9851   4.534854    148.919    16.9883   4.545333    216.426    213.434 5.2747e-06    96.6514    35.4873    35.4944        531    530.000          1  -33.89142  151.17348  0.000e+00
   16.9587   4.540436    145.778    17.1018   4.541625    217.548    204.780 8.2815e-07    90.0641    35.4328    35.4592        619    618.000          1  -33.89517  151.16754  0.000e+00
   16.9856   4.547162    146.375    17.0338   4.540415    215.000    204.376 3.6005e-08    90.4345    35.4777    35.4484        288    287.000          1  -33.88107  151.18987  0.000e+00
   16.9673   4.532774    148.404    16.9519   4.530118    209.237    203.730 1.7672e-06    97.7683    35.4464    35.4601       2131   2130.000          1  -33.95959  151.06555  0.000e+00
   16.9022   4.542567    145.530    17.0443   4.541732    210.476    208.943 3.8845e-06    88.0148    35.4785    35.4530        177    176.000          1  -33.87634  151.19736  0.000e+00
   16.9990   4.536159    145.180    17.0747   4.535056    201.608    205.393 2.0305e-06    87.3975    35.4474    35.4514        790    789.000          1  -33.90246  151.15601  0.000e+00
   17.0195   4.541952    146.729    17.0092   4.541418    213.178    207.842 8.4882e-07    91.3126    35.4849    35.4580          9      8.000          1  -33.86918  151.20869  0.000e+00
   17.0360   4.542772    145.727    17.0096   4.543103    213.793    208.489 4.3337e-07    91.9625    35.4928    35.4515         35     34.000          1  -33.87029  151.20694  0.000e+00
   16.9829   4.534854    149.058    16.9886   4.545476    216.182    213.454 4.7178e-06    96.6089    35.4889    35.4940        532    531.000          1  -33.89146  151.17341  0.000e+00
   16.9673   4.540673    145.964    17.0971   4.541919    217.529    204.716 1.3037e-06    90.0704    35.4317    35.4590        620    619.000          1  -33.89521  151.16748  0.000e+00
   16.9876   4.547141    146.449    17.0361   4.540271    215.351    204.601 1.6412e-06    90.4513    35.4772    35.4490        289    288.000          1  -33.88111  151.18981  0.000e+00
   16.9618   4.532587    148.438    16.9499   4.530100    209.217    203.684 5.2977e-06    97.6437    35.4459    35.4607       2132   2131.000          1  -33.95963  151.06548  0.000e+00
   16.9074   4.542579    145.552    17.0513   4.541270    210.365    208.821 6.8356e-06    88.1425    35.4772    35.4526        178    177.000          1  -33.87638  151.19729  0.000e+00
   16.9963   4.535886    145.047    17.0791   4.534911    201.326    205.331 2.6416e-06    87.3974    35.4479    35.4529        791    790.000          1  -33.90250  151.15594  0.000e+00
   17.0161   4.541871    146.746    17.0091   4.541571    213.224    207.492 6.5322e-07    91.2054    35.4854    35.4575         10      9.000          1  -33.86923  151.20863  0.000e+00
   17.0375   4.542381    145.798    17.0080   4.543437    213.547    208.533 1.0000e-12    91.8984    35.4918    35.4503         36     35.000          1  -33.87033  151.20687  0.000e+00
   16.9888   4.534848    149.147    16.9946   4.545584    216.053    213.533 4.3248e-06    96.5293    35.4875    35.4930        533    532.000          1  -33.89151  151.17335  0.000e+00
   16.9701   4.540949    145.980    17.0982   4.542253    217.606    204.970 2.2534e-06    90.0528    35.4319    35.4609        621    620.000          1  -33.89526  151.16741  0.000e+00
   16.9894   4.547130    146.561    17.0394   4.540404    215.154    204.397 1.3843e-07    90.3748    35.4785    35.4471        290    289.000          1  -33.88115  151.18974  0.000e+00
   16.9596   4.532701    148.236    16.9510   4.530231    209.398    203.523 4.5247e-06    97.6730    35.4454    35.4606       2133   2132.000          1  -33.95967  151.06542  0.000e+00
   16.9134   4.542846    145.446    17.0493   4.541038    210.461    208.581 8.5241e-06    88.1968    35.4762    35.4515        179    178.000          1  -33.87643  151.19723  0.000e+00
   16.9900   4.535733    145.089    17.0818   4.534842    201.497    205.471 3.3582e-06    87.3052    35.4494    35.4527        792    791.000          1  -33.90254  151.15587  0.000e+00
   17.0097   4.542096    146.608    17.0133   4.541475    213.570    207.555 9.8190e-07    91.3576    35.4849    35.4587         11     10.000          1  -33.86927  151.20856  0.000e+00
   17.0373   4.542333    145.944    17.0127   4.543427    213.492    208.712 1.0000e-12    92.0243    35.4912    35.4512         37     36.000          1  -33.87038  151.20680  0.000e+00
   16.9892   4.534896    149.178    16.9959   4.545471    216.552    213.462 3.3438e-06    96.4637    35.4882    35.4939        534    533.000          1  -33.89155  151.17328  0.000e+00
   16.9755   4.541266    145.899    17.1009   4.542322    217.748    204.636 1.0000e-12    90.1320    35.4321    35.4620        622    621.000          1  -33.89530  151.16734  0.000e+00
   16.9828   4.546832    146.587    17.0386   4.540128    215.498    204.504 1.7289e-06    90.5122    35.4775    35.4485        291    290.000          1  -33.88120  151.18967  0.000e+00
