testdataQC/live_realtime_demo.cnv
* Sea-Bird SBE 9 Data File:
* FileName = testdataQC/live_realtime_demo.hex
* Software Version Seasave V 7.26.7.110
* Temperature SN = 5932
* Conductivity SN = 3168
* Number of Bytes Per Scan = 41
* Number of Voltage Words = 4
* Number of Scans Averaged by the Deck Unit = 1
* NMEA Latitude = 33 52.13 S
* NMEA Longitude = 151 12.56 E
* NMEA UTC (Time) = Oct 08 2025  14:31:53
** Operator: Ella
** CTD config:
** Ship: Investigator
** Cruise: in2020_v09
** Station:  7
** Latitude:
** Longitude:
** Depth:
# nquan = 19
# nvalues = 0
# units = specified
# name 0 = t090C: Temperature [ITS-90, deg C]
# name 1 = c0S/m: Conductivity [S/m]
# name 2 = prDM: Pressure, Digiquartz [db]
# name 3 = t190C: Temperature, 2 [ITS-90, deg C]
# name 4 = c1S/m: Conductivity, 2 [S/m]
# name 5 = sbeox0Mm/L: Oxygen, SBE 43 [umol/l]
# name 6 = sbeox1Mm/L: Oxygen, SBE 43, 2 [umol/l]
# name 7 = par: PAR/Irradiance, Biospherical/Licor [umol photons/m^2/sec]
# name 8 = CStarTr0: Beam Transmission, WET Labs C-Star [%]
# name 9 = sal00: Salinity, Practical [PSU]
# name 10 = sal11: Salinity, Practical, 2 [PSU]
# name 11 = fleco_afl: Fluorescence [mg/m³]
# name 12 = ph: pH
# name 13 = scan: Scan Count
# name 14 = timeS: Time, Elapsed [seconds]
# name 15 = pumps: Pump Status
# name 16 = latitude: Latitude [deg]
# name 17 = longitude: Longitude [deg]
# name 18 = flag: 0.000e+00
# span 0 =      12.3276,      21.6890
# span 1 =     4.055418,     5.027629
# span 2 =        1.956,      292.795
# span 3 =      12.3361,      21.6988
# span 4 =     4.055566,     5.027419
# span 5 =     172.3590,     253.4380
# span 6 =     168.4760,     247.1880
# span 7 =   1.0000e-12,   3.2782e-05
# span 8 =      84.6324,      98.2135
# span 9 =      35.0889,      35.8769
# span 10 =      35.0814,      35.8393
# span 11 =            0,            2
# span 12 =       7.5000,       8.2000
# span 13 =            1,       304611
# span 14 =       0.0000,   12692.0830
# span 15 =       1.0000,       1.0000
# span 16 =  -3.5575e+01,  -3.5206e+01
# span 17 =     154.3095,     154.3313
# span 18 =       0.0000,       0.0000
# interval = seconds: 1.0
# start_time = Oct 08 2025 14:31:53 [System UTC, first data scan.]
# bad_flag = -9.99e-29
*END*
[from data line 383]
   17.0086   4.541878    146.505    16.9939   4.542634    211.380    204.623 1.6754e-06    89.6520    35.4630    35.4492      1.081      7.846        384    383.000          1  -33.88516  151.18340  0.000e+00
   17.0064   4.541918    146.545    16.9955   4.542412    211.396    204.708 5.8727e-08    89.7151    35.4610    35.4499      1.085      7.846        385    384.000          1  -33.88520  151.18333  0.000e+00
   17.0070   4.542014    146.564    16.9907   4.542592    211.537    204.700 2.8435e-06    89.6396    35.4609    35.4506      1.083      7.847        386    385.000          1  -33.88524  151.18326  0.000e+00
   17.0054   4.541876    146.555    16.9843   4.542446    211.559    204.898 4.4285e-06    89.7568    35.4604    35.4511      1.091      7.848        387    386.000          1  -33.88529  151.18319  0.000e+00
   17.0062   4.541845    146.792    16.9837   4.542395    211.548    204.479 3.0963e-06    89.6294    35.4606    35.4506      1.087      7.848        388    387.000          1  -33.88533  151.18313  0.000e+00
   17.0037   4.541862    146.790    16.9835   4.542540    211.726    204.678 1.6180e-06    89.5672    35.4597    35.4501      1.110      7.848        389    388.000          1  -33.88537  151.18306  0.000e+00
   17.0040   4.541963    146.846    16.9821   4.542359    211.615    205.115 1.2758e-06    89.3744    35.4600    35.4472      1.116      7.849        390    389.000          1  -33.88541  151.18299  0.000e+00
   17.0021   4.541822    146.737    16.9847   4.542087    211.631    205.119 6.8981e-07    89.3192    35.4597    35.4476      1.095      7.850        391    390.000          1  -33.88546  151.18292  0.000e+00
   17.0034   4.541919    146.962    16.9892   4.542094    211.359    205.107 5.8633e-07    89.1686    35.4599    35.4477      1.094      7.850        392    391.000          1  -33.88550  151.18286  0.000e+00
   17.0016   4.541821    146.962    16.9877   4.542024    210.881    204.955 4.0016e-06    89.1492    35.4590    35.4472      1.095      7.850        393    392.000          1  -33.88554  151.18279  0.000e+00
   17.0034   4.541657    147.168    16.9908   4.541888    210.771    204.953 5.2133e-06    89.1063    35.4589    35.4467      1.095      7.849        394    393.000          1  -33.88559  151.18272  0.000e+00
   17.0009   4.541825    147.393    16.9910   4.541838    210.987    205.149 3.3632e-06    89.0911    35.4587    35.4460      1.100      7.851        395    394.000          1  -33.88563  151.18265  0.000e+00
   16.9976   4.541796    147.456    16.9924   4.541611    211.252    205.127 5.0097e-06    89.0720    35.4615    35.4470      1.092      7.852        396    395.000          1  -33.88567  151.18259  0.000e+00
   16.9947   4.541731    147.564    16.9986   4.541601    211.420    205.229 2.8074e-06    89.1529    35.4622    35.4455      1.096      7.851        397    396.000          1  -33.88571  151.18252  0.000e+00
   16.9917   4.541690    147.551    16.9954   4.541483    211.601    205.541 2.5233e-06    89.2248    35.4625    35.4451      1.104      7.850        398    397.000          1  -33.88576  151.18245  0.000e+00
   16.9944   4.541725    147.263    16.9897   4.541581    211.332    205.414 1.3840e-06    89.2877    35.4631    35.4438      1.088      7.848        399    398.000          1  -33.88580  151.18238  0.000e+00
   16.9902   4.541833    147.042    16.9907   4.541461    211.254    205.444 1.2043e-06    89.2632    35.4636    35.4442      1.097      7.849        400    399.000          1  -33.88584  151.18232  0.000e+00
   16.9919   4.542067    147.172    16.9861   4.541603    210.982    205.413 1.6439e-06    89.2684    35.4637    35.4431      1.094      7.848        401    400.000          1  -33.88588  151.18225  0.000e+00
   16.9869   4.541942    147.224    16.9873   4.541721    210.926    205.040 4.2158e-07    89.3607    35.4637    35.4440      1.086      7.847        402    401.000          1  -33.88593  151.18218  0.000e+00
   16.9926   4.541850    147.268    16.9853   4.541376    210.884    205.035 1.3218e-06    89.2819    35.4622    35.4439      1.087      7.847        403    402.000          1  -33.88597  151.18212  0.000e+00
   16.9914   4.542005    147.206    16.9893   4.541258    210.854    205.454 1.0000e-12    89.0946    35.4617    35.4442      1.070      7.846        404    403.000          1  -33.88601  151.18205  0.000e+00
   16.9948   4.542210    147.291    16.9826   4.541110    210.726    205.594 2.9513e-06    88.9986    35.4624    35.4448      1.058      7.846        405    404.000          1  -33.88605  151.18198  0.000e+00
   16.9954   4.542085    147.296    16.9851   4.541157    210.905    205.605 4.6048e-06    88.9588    35.4630    35.4450      1.062      7.846        406    405.000          1  -33.88610  151.18191  0.000e+00
   16.9936   4.541942    147.620    16.9775   4.541032    211.081    205.574 1.0000e-12    89.1719    35.4626    35.4463      1.062      7.845        407    406.000          1  -33.88614  151.18185  0.000e+00
   16.9930   4.541932    148.078    16.9744   4.541221    210.991    205.425 1.0000e-12    89.3591    35.4635    35.4457      1.075      7.847        408    407.000          1  -33.88618  151.18178  0.000e+00
   16.9966   4.541828    147.997    16.9745   4.541199    211.022    205.680 7.9446e-07    89.3941    35.4653    35.4451      1.066      7.848        409    408.000          1  -33.88622  151.18171  0.000e+00
   16.9927   4.541735    148.209    16.9755   4.541448    211.084    205.813 6.5180e-07    89.3571    35.4661    35.4434      1.061      7.849        410    409.000          1  -33.88627  151.18164  0.000e+00
   16.9953   4.541708    148.140    16.9763   4.541834    211.101    205.823 8.3602e-07    89.4250    35.4650    35.4429      1.054      7.850        411    410.000          1  -33.88631  151.18158  0.000e+00
   16.9914   4.541374    148.158    16.9744   4.541778    211.331    205.622 1.0494e-07    89.3589    35.4656    35.4428      1.067      7.851        412    411.000          1  -33.88635  151.18151  0.000e+00
   16.9961   4.541330    147.970    16.9770   4.541586    211.564    205.828 2.0203e-06    89.4567    35.4678    35.4418      1.077      7.851        413    412.000          1  -33.88639  151.18144  0.000e+00
   16.9960   4.541093    148.013    16.9704   4.541720    211.684    205.937 3.8630e-06    89.4091    35.4689    35.4424      1.072      7.851        414    413.000          1  -33.88644  151.18137  0.000e+00
   16.9945   4.540991    148.117    16.9693   4.541593    211.406    205.850 6.8290e-06    89.3534    35.4689    35.4429      1.061      7.850        415    414.000          1  -33.88648  151.18131  0.000e+00
   16.9954   4.540915    148.093    16.9694   4.541444    211.100    205.757 6.0371e-06    89.3753    35.4701    35.4447      1.071      7.850        416    415.000          1  -33.88652  151.18124  0.000e+00
   16.9977   4.540713    148.079    16.9682   4.541558    210.927    206.027 5.3322e-06    89.2914    35.4724    35.4454      1.061      7.849        417    416.000          1  -33.88657  151.18117  0.000e+00
   16.9929   4.540877    148.262    16.9725   4.541565    211.119    206.311 4.1397e-06    89.2671    35.4720    35.4462      1.057      7.849        418    417.000          1  -33.88661  151.18110  0.000e+00
   16.9941   4.540882    148.524    16.9728   4.541729    211.157    206.555 3.1422e-06    89.0706    35.4728    35.4454      1.063      7.850        419    418.000          1  -33.88665  151.18104  0.000e+00
   16.9931   4.540498    148.536    16.9732   4.541179    211.007    206.581 6.7482e-07    89.0065    35.4747    35.4451      1.055      7.851        420    419.000          1  -33.88669  151.18097  0.000e+00
   16.9930   4.540716    148.615    16.9723   4.541347    210.907    206.171 7.7474e-07    88.9955    35.4741    35.4456      1.058      7.850        421    420.000          1  -33.88674  151.18090  0.000e+00
   16.9923   4.540711    148.541    16.9738   4.540982    210.941    206.420 1.2737e-06    89.1732    35.4735    35.4458      1.060      7.851        422    421.000          1  -33.88678  151.18083  0.000e+00
   16.9913   4.540563    148.698    16.9710   4.540961    211.250    206.605 1.1997e-06    89.2515    35.4747    35.4453      1.062      7.853        423    422.000          1  -33.88682  151.18077  0.000e+00
   16.9882   4.540524    148.980    16.9693   4.540961    211.117    206.705 2.0683e-06    89.2293    35.4744    35.4457      1.033      7.853        424    423.000          1  -33.88686  151.18070  0.000e+00
   16.9918   4.540783    149.063    16.9682   4.540954    210.964    206.997 2.3424e-06    89.1624    35.4749    35.4454      1.030      7.855        425    424.000          1  -33.88691  151.18063  0.000e+00
   16.9988   4.540781    149.020    16.9712   4.540653    211.009    207.255 1.4697e-06    89.2019    35.4750    35.4442      1.038      7.856        426    425.000          1  -33.88695  151.18056  0.000e+00
   16.9965   4.540949    148.905    16.9729   4.540718    211.002    207.082 4.9895e-07    89.2026    35.4740    35.4441      1.047      7.857        427    426.000          1  -33.88699  151.18050  0.000e+00
   16.9957   4.541160    148.803    16.9767   4.541057    211.210    207.021 3.2639e-06    89.4263    35.4754    35.4449      1.035      7.858        428    427.000          1  -33.88703  151.18043  0.000e+00
   16.9939   4.541302    148.801    16.9752   4.541026    210.960    207.389 4.0645e-06    89.4308    35.4772    35.4452      1.038      7.860        429    428.000          1  -33.88708  151.18036  0.000e+00
   16.9940   4.541062    148.776    16.9713   4.540973    210.902    207.524 1.6733e-06    89.2719    35.4766    35.4453      1.033      7.859        430    429.000          1  -33.88712  151.18029  0.000e+00
   16.9907   4.541038    148.803    16.9720   4.540890    210.801    207.506 2.6940e-06    89.2801    35.4758    35.4445      1.049      7.860        431    430.000          1  -33.88716  151.18023  0.000e+00
   16.9888   4.541181    149.055    16.9703   4.541015    210.916    207.595 4.7108e-06    89.2939    35.4772    35.4425      1.045      7.859        432    431.000          1  -33.88720  151.18016  0.000e+00
   16.9882   4.541216    148.920    16.9667   4.540854    211.080    207.720 5.6465e-06    89.3168    35.4774    35.4407      1.064      7.858        433    432.000          1  -33.88725  151.18009  0.000e+00
   16.9883   4.541105    148.895    16.9680   4.540861    211.121    207.235 1.7447e-06    89.3270    35.4777    35.4396      1.053      7.859        434    433.000          1  -33.88729  151.18002  0.000e+00
   16.9924   4.541160    148.741    16.9642   4.540724    211.104    207.198 1.0190e-06    89.2005    35.4767    35.4398      1.043      7.860        435    434.000          1  -33.88733  151.17996  0.000e+00
   16.9915   4.540959    148.558    16.9647   4.540988    211.210    207.315 2.1842e-06    89.3686    35.4759    35.4396      1.041      7.860        436    435.000          1  -33.88737  151.17989  0.000e+00
   16.9935   4.540733    148.515    16.9650   4.541129    211.494    207.298 2.1792e-06    89.4471    35.4774    35.4398      1.040      7.859        437    436.000          1  -33.88742  151.17982  0.000e+00
   16.9986   4.540596    148.627    16.9639   4.540958    211.711    207.450 5.6198e-06    89.4495    35.4760    35.4398      1.031      7.856        438    437.000          1  -33.88746  151.17975  0.000e+00
   16.9983   4.540426    148.631    16.9707   4.540662    211.666    207.185 7.9335e-06    89.5926    35.4747    35.4392      1.024      7.857        439    438.000          1  -33.88750  151.17969  0.000e+00
   17.0023   4.540647    148.864    16.9740   4.540750    211.263    207.396 1.0094e-05    89.7144    35.4745    35.4391      1.035      7.857        440    439.000          1  -33.88755  151.17962  0.000e+00
   17.0039   4.540713    148.869    16.9713   4.540918    211.199    207.461 9.2083e-06    89.6989    35.4748    35.4405      1.050      7.856        441    440.000          1  -33.88759  151.17955  0.000e+00
   17.0039   4.540413    148.962    16.9670   4.541010    211.426    207.677 1.1060e-05    89.6422    35.4749    35.4400      1.041      7.858        442    441.000          1  -33.88763  151.17948  0.000e+00
   17.0037   4.540517    149.029    16.9634   4.540948    210.943    207.216 1.4807e-05    89.5034    35.4748    35.4379      1.044      7.857        443    442.000          1  -33.88767  151.17942  0.000e+00
   17.0043   4.540364    149.112    16.9611   4.540606    211.014    206.943 1.0000e-12    89.5517    35.4748    35.4376      1.042      7.857        444    443.000          1  -33.88772  151.17935  0.000e+00
   17.0027   4.540239    149.187    16.9657   4.540417    210.990    206.551 9.8662e-08    89.6259    35.4779    35.4364      1.053      7.856        445    444.000          1  -33.88776  151.17928  0.000e+00
   17.0021   4.540118    149.608    16.9668   4.540371    211.049    206.626 8.5756e-07    89.5515    35.4761    35.4351      1.067      7.853        446    445.000          1  -33.88780  151.17921  0.000e+00
   17.0046   4.539982    149.662    16.9645   4.540202    210.824    206.650 1.7879e-06    89.5840    35.4756    35.4354      1.078      7.852        447    446.000          1  -33.88784  151.17915  0.000e+00
   17.0054   4.540301    149.415    16.9618   4.540081    210.691    207.176 2.3047e-06    89.6501    35.4760    35.4353      1.085      7.853        448    447.000          1  -33.88789  151.17908  0.000e+00
   17.0029   4.540156    149.330    16.9639   4.540172    210.879    207.253 1.0000e-12    89.6016    35.4756    35.4346      1.080      7.852        449    448.000          1  -33.88793  151.17901  0.000e+00
   17.0091   4.540205    149.261    16.9655   4.539933    210.977    207.256 4.0766e-07    89.4952    35.4761    35.4341      1.068      7.852        450    449.000          1  -33.88797  151.17894  0.000e+00
   17.0047   4.540195    149.168    16.9678   4.539751    211.376    207.619 1.0794e-06    89.4653    35.4753    35.4338      1.089      7.851        451    450.000          1  -33.88801  151.17888  0.000e+00
   17.0057   4.540198    148.981    16.9690   4.539291    211.213    207.649 2.8429e-06    89.5445    35.4741    35.4325      1.094      7.850        452    451.000          1  -33.88806  151.17881  0.000e+00
   17.0053   4.540069    149.278    16.9693   4.539089    211.244    208.078 1.4976e-06    89.6449    35.4746    35.4332      1.087      7.850        453    452.000          1  -33.88810  151.17874  0.000e+00
   17.0022   4.540055    149.404    16.9720   4.539268    211.430    207.957 6.4661e-08    89.6391    35.4754    35.4318      1.090      7.850        454    453.000          1  -33.88814  151.17867  0.000e+00
   17.0030   4.539833    149.477    16.9756   4.539238    211.821    207.749 5.1185e-07    89.7938    35.4754    35.4313      1.086      7.851        455    454.000          1  -33.88818  151.17861  0.000e+00
   16.9997   4.539689    149.421    16.9816   4.539548    212.076    207.630 2.5828e-06    89.8020    35.4748    35.4334      1.076      7.851        456    455.000          1  -33.88823  151.17854  0.000e+00
   16.9987   4.539790    149.431    16.9762   4.539909    212.418    207.699 2.0982e-06    89.7334    35.4757    35.4333      1.075      7.851        457    456.000          1  -33.88827  151.17847  0.000e+00
   16.9984   4.539554    149.439    16.9706   4.540054    212.532    207.983 5.9374e-08    89.7634    35.4763    35.4320      1.082      7.850        458    457.000          1  -33.88831  151.17840  0.000e+00
   16.9978   4.539600    149.489    16.9697   4.539604    212.581    207.943 1.0249e-06    89.6672    35.4771    35.4294      1.088      7.849        459    458.000          1  -33.88835  151.17834  0.000e+00
