testdataQC/live_realtime_demo.cnv
* Sea-Bird SBE 9 Data File:
* FileName = testdataQC/live_realtime_demo.hex
* Software Version Seasave V 7.26.7.110
* Temperature SN = 5932
* Conductivity SN = 3168
* Number of Bytes Per Scan = 41
* Number of Voltage Words = 4
* Number of Scans Averaged by the Deck Unit = 1
* NMEA Latitude = 33 52.13 S
* NMEA Longitude = 151 12.56 E
* NMEA UTC (Time) = Oct 07 2025  03:55:58
** Operator: Ella
** CTD config:
** Ship: Investigator
** Cruise: in2020_v09
** Station:  7
** Latitude:
** Longitude:
** Depth:
# nquan = 17
# nvalues = 0
# units = specified
# name 0 = t090C: Temperature [ITS-90, deg C]
# name 1 = c0S/m: Conductivity [S/m]
# name 2 = prDM: Pressure, Digiquartz [db]
# name 3 = t190C: Temperature, 2 [ITS-90, deg C]
# name 4 = c1S/m: Conductivity, 2 [S/m]
# name 5 = sbeox0Mm/L: Oxygen, SBE 43 [umol/l]
# name 6 = sbeox1Mm/L: Oxygen, SBE 43, 2 [umol/l]
# name 7 = par: PAR/Irradiance, Biospherical/Licor [umol photons/m^2/sec]
# name 8 = CStarTr0: Beam Transmission, WET Labs C-Star [%]
# name 9 = sal00: Salinity, Practical [PSU]
# name 10 = sal11: Salinity, Practical, 2 [PSU]
# name 11 = scan: Scan Count
# name 12 = timeS: Time, Elapsed [seconds]
# name 13 = pumps: Pump Status
# name 14 = latitude: Latitude [deg]
# name 15 = longitude: Longitude [deg]
# name 16 = flag: 0.000e+00
# span 0 =      12.3276,      21.6890
# span 1 =     4.055418,     5.027629
# span 2 =        1.956,      292.795
# span 3 =      12.3361,      21.6988
# span 4 =     4.055566,     5.027419
# span 5 =     172.3590,     253.4380
# span 6 =     168.4760,     247.1880
# span 7 =   1.0000e-12,   3.2782e-05
# span 8 =      84.6324,      98.2135
# span 9 =      35.0889,      35.8769
# span 10 =      35.0814,      35.8393
# span 11 =            1,       304611
# span 12 =       0.0000,   12692.0830
# span 13 =            1,            1
# span 14 =     -35.5746,     -35.2062
# span 15 =     154.3095,     154.3313
# span 16 =   0.0000e+00,   0.0000e+00
# interval = seconds: 1.0
# start_time = Oct 07 2025 03:55:58 [System UTC, first data scan.]
# bad_flag = -9.99e-29
*END*
[from data line 1968]
   16.9532   4.545287    150.983    16.9741   4.538330    213.298    209.574 1.0000e-12    93.0728    35.5052    35.4566        247    246.000          1  -33.87932  151.19264  0.000e+00
   16.9739   4.543705    144.089    16.9905   4.548030    218.251    212.031 7.8272e-08    90.4687    35.4820    35.4431        273    272.000          1  -33.88043  151.19088  0.000e+00
   16.9042   4.533029    149.895    17.0026   4.542048    214.299    217.013 6.2937e-06    94.8329    35.4769    35.5055        770    769.000          1  -33.90160  151.15736  0.000e+00
   16.9871   4.538824    143.761    17.0871   4.535264    212.720    204.763 3.9393e-06    90.7746    35.4357    35.4335        858    857.000          1  -33.90535  151.15142  0.000e+00
   16.9894   4.542787    144.649    17.0375   4.544422    214.878    204.196 4.7836e-06    88.3483    35.4832    35.4504        527    526.000          1  -33.89125  151.17375  0.000e+00
   16.9987   4.532871    144.867    16.9124   4.531435    206.048    203.063 2.5192e-06    96.9947    35.4684    35.4773       2370   2369.000          1  -33.96977  151.04943  0.000e+00
   16.9133   4.537697    145.803    17.0523   4.537736    207.715    207.834 3.9583e-06    87.4502    35.4829    35.4655        416    415.000          1  -33.88652  151.18124  0.000e+00
   16.9907   4.536998    141.884    17.0549   4.531431    200.376    205.658 6.5686e-06    86.7173    35.4152    35.4620       1029   1028.000          1  -33.91264  151.13989  0.000e+00
   16.9502   4.545067    150.951    16.9745   4.538334    213.234    209.629 2.5203e-06    93.2547    35.5058    35.4568        248    247.000          1  -33.87937  151.19257  0.000e+00
   16.9786   4.543967    144.143    16.9942   4.547939    218.108    211.849 1.5441e-06    90.4911    35.4818    35.4440        274    273.000          1  -33.88047  151.19082  0.000e+00
   16.9123   4.533197    149.798    17.0009   4.542011    214.245    217.099 5.6595e-06    94.8783    35.4781    35.5050        771    770.000          1  -33.90165  151.15729  0.000e+00
   16.9881   4.538594    143.813    17.0898   4.535400    212.665    204.758 1.0000e-12    90.8281    35.4344    35.4345        859    858.000          1  -33.90540  151.15135  0.000e+00
   16.9908   4.542859    144.908    17.0419   4.544342    214.709    204.041 1.0000e-12    88.3145    35.4827    35.4494        528    527.000          1  -33.89129  151.17368  0.000e+00
   16.9994   4.532732    144.809    16.9141   4.531482    205.957    202.889 4.7209e-06    97.0632    35.4687    35.4760       2371   2370.000          1  -33.96981  151.04936  0.000e+00
   16.9098   4.537886    145.866    17.0555   4.537626    207.754    208.046 4.6263e-06    87.4096    35.4839    35.4663        417    416.000          1  -33.88657  151.18117  0.000e+00
   16.9912   4.537275    142.110    17.0524   4.531199    200.311    205.701 1.0000e-12    86.5652    35.4151    35.4609       1030   1029.000          1  -33.91268  151.13982  0.000e+00
   16.9515   4.545003    151.076    16.9777   4.538385    213.159    209.835 3.1175e-06    93.2510    35.5066    35.4570        249    248.000          1  -33.87941  151.19250  0.000e+00
   16.9796   4.544043    144.055    16.9957   4.547793    217.932    211.723 3.5283e-08    90.3617    35.4832    35.4425        275    274.000          1  -33.88052  151.19075  0.000e+00
   16.9171   4.533326    149.958    17.0023   4.541706    214.192    217.154 4.6644e-06    94.8961    35.4778    35.5056        772    771.000          1  -33.90169  151.15722  0.000e+00
   16.9886   4.538630    143.714    17.0885   4.535166    212.843    204.712 2.5295e-06    90.8430    35.4348    35.4336        860    859.000          1  -33.90544  151.15129  0.000e+00
   16.9959   4.543003    145.020    17.0391   4.544158    214.732    203.445 6.1418e-07    88.2190    35.4814    35.4481        529    528.000          1  -33.89134  151.17362  0.000e+00
   16.9952   4.532779    144.771    16.9174   4.531857    205.941    203.192 4.7876e-06    97.1557    35.4684    35.4768       2372   2371.000          1  -33.96985  151.04929  0.000e+00
   16.9108   4.537680    145.950    17.0558   4.537721    208.018    208.190 3.5826e-06    87.4769    35.4838    35.4673        418    417.000          1  -33.88661  151.18110  0.000e+00
   16.9942   4.537493    142.315    17.0511   4.531316    200.153    205.612 1.7768e-06    86.4924    35.4156    35.4633       1031   1030.000          1  -33.91272  151.13975  0.000e+00
   16.9522   4.544739    151.152    16.9786   4.538414    213.209    210.101 8.9103e-07    93.2321    35.5040    35.4550        250    249.000          1  -33.87945  151.19244  0.000e+00
   16.9803   4.543683    144.048    16.9940   4.547645    217.722    211.742 1.0000e-12    90.4157    35.4829    35.4440        276    275.000          1  -33.88056  151.19068  0.000e+00
   16.9190   4.533341    149.981    17.0057   4.541550    214.174    217.205 4.4957e-06    94.7752    35.4766    35.5051        773    772.000          1  -33.90173  151.15716  0.000e+00
   16.9903   4.538854    143.733    17.0891   4.535382    212.661    204.867 3.4090e-06    90.7819    35.4353    35.4346        861    860.000          1  -33.90548  151.15122  0.000e+00
   16.9913   4.542954    145.069    17.0371   4.544252    214.569    203.379 2.8135e-06    88.0081    35.4810    35.4488        530    529.000          1  -33.89138  151.17355  0.000e+00
   16.9920   4.532995    144.662    16.9200   4.531843    205.984    203.196 3.8629e-06    97.1707    35.4676    35.4779       2373   2372.000          1  -33.96990  151.04923  0.000e+00
   16.9111   4.537979    145.905    17.0542   4.537970    208.001    208.379 4.1539e-06    87.4366    35.4836    35.4674        419    418.000          1  -33.88665  151.18104  0.000e+00
   16.9924   4.537359    142.442    17.0489   4.531230    200.437    205.811 2.7041e-07    86.4455    35.4159    35.4608       1032   1031.000          1  -33.91277  151.13968  0.000e+00
   16.9533   4.544502    151.176    16.9745   4.538427    212.839    210.117 8.0800e-07    93.0053    35.5055    35.4555        251    250.000          1  -33.87949  151.19237  0.000e+00
   16.9779   4.543634    143.886    16.9938   4.547401    217.912    211.415 2.4526e-06    90.4788    35.4828    35.4436        277    276.000          1  -33.88060  151.19061  0.000e+00
   16.9204   4.533122    149.849    17.0029   4.541178    214.487    217.011 6.8600e-06    94.7778    35.4775    35.5061        774    773.000          1  -33.90177  151.15709  0.000e+00
   16.9875   4.538738    143.431    17.0923   4.535347    212.729    204.362 4.9620e-06    90.8334    35.4340    35.4361        862    861.000          1  -33.90552  151.15115  0.000e+00
   16.9850   4.542954    145.023    17.0341   4.544294    214.642    203.114 1.0000e-12    88.0425    35.4797    35.4480        531    530.000          1  -33.89142  151.17348  0.000e+00
   16.9888   4.533144    144.549    16.9233   4.531842    205.862    203.381 6.0305e-06    97.0020    35.4684    35.4770       2374   2373.000          1  -33.96994  151.04916  0.000e+00
   16.9168   4.538049    145.855    17.0559   4.537967    207.695    208.293 3.9607e-06    87.5215    35.4844    35.4662        420    419.000          1  -33.88669  151.18097  0.000e+00
   16.9872   4.537349    142.370    17.0494   4.531117    200.402    206.123 1.0041e-06    86.4865    35.4167    35.4608       1033   1032.000          1  -33.91281  151.13962  0.000e+00
   16.9525   4.544538    151.350    16.9771   4.538496    212.951    209.971 1.0000e-12    92.9804    35.5059    35.4566        252    251.000          1  -33.87954  151.19230  0.000e+00
   16.9754   4.543442    143.684    16.9929   4.547877    217.728    211.477 1.0000e-12    90.4281    35.4838    35.4438        278    277.000          1  -33.88064  151.19055  0.000e+00
   16.9209   4.533379    149.969    17.0047   4.541113    214.538    216.811 6.7775e-06    94.8027    35.4773    35.5070        775    774.000          1  -33.90182  151.15702  0.000e+00
   16.9880   4.538597    143.326    17.0947   4.535178    212.915    204.658 3.6230e-06    90.7156    35.4339    35.4374        863    862.000          1  -33.90557  151.15108  0.000e+00
   16.9858   4.542932    144.939    17.0335   4.544308    214.567    202.852 5.7956e-07    88.2112    35.4799    35.4489        532    531.000          1  -33.89146  151.17341  0.000e+00
   16.9899   4.533197    144.409    16.9212   4.532162    205.915    203.508 6.5473e-06    97.0144    35.4679    35.4757       2375   2374.000          1  -33.96998  151.04909  0.000e+00
   16.9143   4.538304    145.840    17.0613   4.537696    207.815    208.072 1.0000e-12    87.5798    35.4841    35.4667        421    420.000          1  -33.88674  151.18090  0.000e+00
   16.9836   4.536951    142.446    17.0515   4.531087    200.112    205.976 2.1321e-06    86.5378    35.4158    35.4626       1034   1033.000          1  -33.91285  151.13955  0.000e+00
   16.9548   4.544535    151.436    16.9757   4.538476    213.004    210.106 1.2558e-06    93.0803    35.5066    35.4569        253    252.000          1  -33.87958  151.19223  0.000e+00
   16.9715   4.543315    143.724    16.9936   4.548008    217.960    211.604 2.4070e-06    90.2390    35.4846    35.4447        279    278.000          1  -33.88069  151.19048  0.000e+00
   16.9221   4.533373    149.712    17.0069   4.540924    214.318    216.747 9.2645e-06    94.7624    35.4779    35.5077        776    775.000          1  -33.90186  151.15695  0.000e+00
   16.9893   4.538555    143.301    17.0913   4.534964    212.930    204.804 1.0000e-12    90.7145    35.4344    35.4354        864    863.000          1  -33.90561  151.15102  0.000e+00
   16.9885   4.543136    144.847    17.0398   4.543883    214.746    203.094 6.5039e-07    88.1024    35.4797    35.4480        533    532.000          1  -33.89151  151.17335  0.000e+00
   16.9856   4.533510    144.745    16.9210   4.531894    206.177    203.565 6.3944e-06    96.8061    35.4678    35.4760       2376   2375.000          1  -33.97002  151.04902  0.000e+00
   16.9086   4.537963    145.585    17.0562   4.538013    207.926    207.753 1.0000e-12    87.6523    35.4835    35.4665        422    421.000          1  -33.88678  151.18083  0.000e+00
   16.9894   4.536803    142.526    17.0572   4.531296    199.930    205.930 4.5836e-06    86.7072    35.4157    35.4622       1035   1034.000          1  -33.91289  151.13948  0.000e+00
   16.9488   4.544881    151.467    16.9783   4.538413    213.119    210.143 1.0000e-12    93.2841    35.5083    35.4584        254    253.000          1  -33.87962  151.19217  0.000e+00
   16.9720   4.543312    143.537    16.9926   4.547585    217.657    211.578 1.0000e-12    90.2352    35.4850    35.4459        280    279.000          1  -33.88073  151.19041  0.000e+00
   16.9218   4.533330    149.798    17.0082   4.541118    214.352    216.689 7.7787e-06    94.7015    35.4786    35.5084        777    776.000          1  -33.90190  151.15689  0.000e+00
   16.9887   4.538783    143.394    17.0873   4.534881    213.169    204.978 1.9506e-06    90.6946    35.4359    35.4337        865    864.000          1  -33.90565  151.15095  0.000e+00
   16.9836   4.543165    145.007    17.0470   4.543958    214.771    203.000 2.8436e-06    88.0788    35.4780    35.4467        534    533.000          1  -33.89155  151.17328  0.000e+00
   16.9838   4.533360    144.604    16.9268   4.532322    206.093    203.395 8.0649e-06    96.9030    35.4677    35.4762       2377   2376.000          1  -33.97007  151.04896  0.000e+00
   16.9093   4.538035    145.500    17.0573   4.538287    208.348    207.673 3.4523e-06    87.6705    35.4846    35.4667        423    422.000          1  -33.88682  151.18077  0.000e+00
   16.9946   4.536646    142.728    17.0564   4.531605    200.193    205.881 6.6448e-06    86.6417    35.4169    35.4624       1036   1035.000          1  -33.91294  151.13941  0.000e+00
   16.9475   4.545442    151.381    16.9785   4.538460    212.752    210.008 3.5995e-07    93.2571    35.5078    35.4578        255    254.000          1  -33.87966  151.19210  0.000e+00
   16.9703   4.543074    143.530    16.9879   4.547249    217.655    211.770 9.7048e-08    90.2780    35.4847    35.4458        281    280.000          1  -33.88077  151.19034  0.000e+00
   16.9216   4.533503    149.641    17.0085   4.541174    214.198    216.804 6.7038e-06    94.7619    35.4772    35.5093        778    777.000          1  -33.90194  151.15682  0.000e+00
   16.9887   4.538554    143.434    17.0878   4.535202    212.993    205.095 2.7608e-06    90.6446    35.4360    35.4346        866    865.000          1  -33.90569  151.15088  0.000e+00
   16.9805   4.542740    145.004    17.0467   4.544067    214.366    203.017 1.0000e-12    88.2520    35.4788    35.4472        535    534.000          1  -33.89159  151.17321  0.000e+00
   16.9806   4.533463    144.487    16.9268   4.532436    206.081    203.295 7.9220e-06    96.8533    35.4689    35.4762       2378   2377.000          1  -33.97011  151.04889  0.000e+00
   16.9091   4.538296    145.866    17.0530   4.538128    208.360    207.599 3.4198e-06    87.7373    35.4833    35.4651        424    423.000          1  -33.88686  151.18070  0.000e+00
   16.9924   4.537088    143.063    17.0567   4.531576    200.192    205.946 1.0000e-12    86.7116    35.4155    35.4638       1037   1036.000          1  -33.91298  151.13935  0.000e+00
   16.9426   4.545312    151.271    16.9754   4.538432    212.660    209.917 1.0000e-12    93.1175    35.5084    35.4563        256    255.000          1  -33.87971  151.19203  0.000e+00
   16.9748   4.543035    143.529    16.9871   4.547172    217.833    211.831 1.0000e-12    90.4627    35.4867    35.4467        282    281.000          1  -33.88081  151.19028  0.000e+00
   16.9232   4.533446    149.699    17.0107   4.541140    214.324    216.638 7.2240e-06    94.9212    35.4752    35.5091        779    778.000          1  -33.90199  151.15675  0.000e+00
   16.9882   4.538941    143.420    17.0887   4.535149    212.882    205.009 1.7275e-06    90.6458    35.4339    35.4361        867    866.000          1  -33.90574  151.15082  0.000e+00
   16.9792   4.542863    145.111    17.0503   4.543931    214.802    202.849 1.5538e-06    88.3283    35.4805    35.4467        536    535.000          1  -33.89163  151.17314  0.000e+00
   16.9798   4.533828    144.352    16.9279   4.532647    206.118    202.959 1.0000e-12    96.8951    35.4682    35.4760       2379   2378.000          1  -33.97015  151.04882  0.000e+00
   16.9102   4.538022    145.822    17.0547   4.538060    208.247    207.585 3.5827e-06    87.7908    35.4842    35.4656        425    424.000          1  -33.88691  151.18063  0.000e+00
   16.9893   4.536973    143.186    17.0569   4.531770    200.444    205.781 3.3330e-07    86.7463    35.4159    35.4643       1038   1037.000          1  -33.91302  151.13928  0.000e+00
   16.9422   4.545354    151.374    16.9749   4.538564    212.353    209.844 1.0000e-12    93.1443    35.5087    35.4576        257    256.000          1  -33.87975  151.19196  0.000e+00
   16.9704   4.543035    143.715    16.9849   4.547195    217.864    211.892 7.6914e-07    90.4118    35.4863    35.4458        283    282.000          1  -33.88086  151.19021  0.000e+00
   16.9227   4.533049    149.566    17.0096   4.541175    214.135    216.699 7.0706e-06    94.9633    35.4754    35.5096        780    779.000          1  -33.90203  151.15668  0.000e+00
   16.9859   4.538835    143.546    17.0917   4.535445    212.931    205.087 2.8529e-06    90.7612    35.4339    35.4365        868    867.000          1  -33.90578  151.15075  0.000e+00
   16.9811   4.542714    145.205    17.0497   4.543780    214.936    202.700 1.0000e-12    88.4547    35.4789    35.4459        537    536.000          1  -33.89168  151.17308  0.000e+00
