testdataQC/live_realtime_demo.cnv
* Sea-Bird SBE 9 Data File:
* FileName = testdataQC/live_realtime_demo.hex
* Software Version Seasave V 7.26.7.110
* Temperature SN = 5932
* Conductivity SN = 3168
* Number of Bytes Per Scan = 41
* Number of Voltage Words = 4
* Number of Scans Averaged by the Deck Unit = 1
* NMEA Latitude = 33 52.13 S
* NMEA Longitude = 151 12.56 E
* NMEA UTC (Time) = Oct 08 2025  14:31:53
** Operator: Ella
** CTD config:
** Ship: Investigator
** Cruise: in2020_v09
** Station:  7
** Latitude:
** Longitude:
** Depth:
# nquan = 19
# nvalues = 0
# units = specified
# name 0 = t090C: Temperature [ITS-90, deg C]
# name 1 = c0S/m: Conductivity [S/m]
# name 2 = prDM: Pressure, Digiquartz [db]
# name 3 = t190C: Temperature, 2 [ITS-90, deg C]
# name 4 = c1S/m: Conductivity, 2 [S/m]
# name 5 = sbeox0Mm/L: Oxygen, SBE 43 [umol/l]
# name 6 = sbeox1Mm/L: Oxygen, SBE 43, 2 [umol/l]
# name 7 = par: PAR/Irradiance, Biospherical/Licor [umol photons/m^2/sec]
# name 8 = CStarTr0: Beam Transmission, WET Labs C-Star [%]
# name 9 = sal00: Salinity, Practical [PSU]
# name 10 = sal11: Salinity, Practical, 2 [PSU]
# name 11 = fleco_afl: Fluorescence [mg/m³]
# name 12 = ph: pH
# name 13 = scan: Scan Count
# name 14 = timeS: Time, Elapsed [seconds]
# name 15 = pumps: Pump Status
# name 16 = latitude: Latitude [deg]
# name 17 = longitude: Longitude [deg]
# name 18 = flag: 0.000e+00
# span 0 =      12.3276,      21.6890
# span 1 =     4.055418,     5.027629
# span 2 =        1.956,      292.795
# span 3 =      12.3361,      21.6988
# span 4 =     4.055566,     5.027419
# span 5 =     172.3590,     253.4380
# span 6 =     168.4760,     247.1880
# span 7 =   1.0000e-12,   3.2782e-05
# span 8 =      84.6324,      98.2135
# span 9 =      35.0889,      35.8769
# span 10 =      35.0814,      35.8393
# span 11 =            0,            2
# span 12 =       7.5000,       8.2000
# span 13 =            1,       304611
# span 14 =       0.0000,   12692.0830
# span 15 =       1.0000,       1.0000
# span 16 =  -3.5575e+01,  -3.5206e+01
# span 17 =     154.3095,     154.3313
# span 18 =       0.0000,       0.0000
# interval = seconds: 1.0
# start_time = Oct 08 2025 14:31:53 [System UTC, first data scan.]
# bad_flag = -9.99e-29
*END*
[from data line 613]
   17.0471   4.540915    147.123    16.9348   4.542802    214.235    203.919 1.2015e-06    90.6156    35.4807    35.4242      1.081      7.854        614    613.000          1  -33.89496  151.16788  0.000e+00
   17.0477   4.541027    147.341    16.9351   4.542748    214.083    203.767 4.4845e-08    90.7787    35.4792    35.4243      1.079      7.855        615    614.000          1  -33.89500  151.16781  0.000e+00
   17.0491   4.540683    147.398    16.9364   4.542687    214.446    203.886 1.8985e-06    90.8454    35.4808    35.4250      1.080      7.855        616    615.000          1  -33.89504  151.16775  0.000e+00
   17.0521   4.540802    147.510    16.9312   4.542745    214.371    203.574 2.4812e-06    90.6965    35.4815    35.4244      1.082      7.857        617    616.000          1  -33.89509  151.16768  0.000e+00
   17.0492   4.540828    147.545    16.9310   4.542782    214.480    203.700 3.2475e-08    90.6083    35.4806    35.4239      1.090      7.858        618    617.000          1  -33.89513  151.16761  0.000e+00
   17.0484   4.540897    147.398    16.9341   4.542749    214.803    203.788 3.0819e-07    90.5633    35.4813    35.4254      1.083      7.859        619    618.000          1  -33.89517  151.16754  0.000e+00
   17.0542   4.541063    147.305    16.9364   4.543052    214.941    203.670 1.0000e-12    90.4605    35.4808    35.4259      1.074      7.859        620    619.000          1  -33.89521  151.16748  0.000e+00
   17.0597   4.541126    147.248    16.9339   4.542670    214.801    203.834 3.3113e-06    90.5855    35.4819    35.4250      1.079      7.859        621    620.000          1  -33.89526  151.16741  0.000e+00
   17.0568   4.541502    147.273    16.9355   4.542397    214.955    203.766 2.3148e-06    90.5598    35.4815    35.4260      1.064      7.855        622    621.000          1  -33.89530  151.16734  0.000e+00
   17.0526   4.541894    147.356    16.9358   4.542296    215.086    204.036 3.9230e-07    90.6254    35.4823    35.4262      1.052      7.856        623    622.000          1  -33.89534  151.16727  0.000e+00
   17.0537   4.541587    147.282    16.9358   4.542180    215.448    203.809 8.9464e-07    90.5324    35.4827    35.4277      1.037      7.855        624    623.000          1  -33.89538  151.16721  0.000e+00
   17.0504   4.541597    146.952    16.9403   4.542153    215.518    203.795 1.8610e-06    90.4250    35.4823    35.4275      1.048      7.855        625    624.000          1  -33.89543  151.16714  0.000e+00
   17.0477   4.541539    146.926    16.9433   4.542148    215.608    203.643 2.0329e-06    90.3376    35.4817    35.4274      1.046      7.855        626    625.000          1  -33.89547  151.16707  0.000e+00
   17.0478   4.541490    146.685    16.9452   4.542552    215.547    203.154 2.7558e-06    90.1953    35.4805    35.4274      1.040      7.856        627    626.000          1  -33.89551  151.16700  0.000e+00
   17.0452   4.541311    146.479    16.9433   4.542832    215.608    203.293 1.0151e-06    90.1370    35.4818    35.4288      1.041      7.855        628    627.000          1  -33.89555  151.16694  0.000e+00
   17.0370   4.541149    146.609    16.9418   4.542681    215.527    203.556 3.2982e-06    90.2485    35.4811    35.4286      1.050      7.856        629    628.000          1  -33.89560  151.16687  0.000e+00
   17.0366   4.541124    146.523    16.9429   4.543081    215.904    203.483 1.0000e-12    90.4357    35.4802    35.4286      1.021      7.857        630    629.000          1  -33.89564  151.16680  0.000e+00
   17.0374   4.541163    146.421    16.9390   4.542484    215.970    203.603 4.6422e-07    90.4168    35.4797    35.4281      1.032      7.856        631    630.000          1  -33.89568  151.16673  0.000e+00
   17.0307   4.541138    146.625    16.9413   4.542655    215.491    203.319 1.0000e-12    90.1805    35.4782    35.4274      1.039      7.855        632    631.000          1  -33.89572  151.16667  0.000e+00
   17.0318   4.540910    146.600    16.9439   4.542782    215.633    203.484 7.9736e-07    90.2777    35.4766    35.4279      1.032      7.856        633    632.000          1  -33.89577  151.16660  0.000e+00
   17.0345   4.541134    146.696    16.9418   4.542738    215.674    203.235 9.7354e-07    90.2598    35.4770    35.4277      1.045      7.855        634    633.000          1  -33.89581  151.16653  0.000e+00
   17.0338   4.541239    146.847    16.9420   4.542786    215.615    203.385 1.9230e-06    90.3476    35.4773    35.4283      1.045      7.855        635    634.000          1  -33.89585  151.16647  0.000e+00
   17.0300   4.540935    146.885    16.9387   4.542712    215.521    203.584 2.7372e-06    90.5290    35.4780    35.4262      1.044      7.854        636    635.000          1  -33.89590  151.16640  0.000e+00
   17.0300   4.541360    146.822    16.9402   4.542577    215.710    203.712 1.2382e-06    90.6246    35.4770    35.4258      1.040      7.852        637    636.000          1  -33.89594  151.16633  0.000e+00
   17.0279   4.541238    146.874    16.9397   4.542483    215.688    204.231 7.9132e-07    90.6316    35.4764    35.4248      1.030      7.855        638    637.000          1  -33.89598  151.16626  0.000e+00
   17.0246   4.541333    147.365    16.9401   4.542518    215.872    204.145 5.5940e-06    90.7352    35.4785    35.4236      1.036      7.855        639    638.000          1  -33.89602  151.16620  0.000e+00
   17.0263   4.541558    147.329    16.9420   4.542744    215.980    204.288 8.2117e-06    90.6211    35.4793    35.4229      1.030      7.853        640    639.000          1  -33.89607  151.16613  0.000e+00
   17.0246   4.541407    147.257    16.9427   4.542738    215.913    204.016 7.7984e-06    90.5730    35.4804    35.4223      1.044      7.852        641    640.000          1  -33.89611  151.16606  0.000e+00
   17.0233   4.541516    147.257    16.9406   4.542850    216.031    203.972 1.0000e-12    90.6614    35.4803    35.4210      1.048      7.851        642    641.000          1  -33.89615  151.16599  0.000e+00
   17.0242   4.541479    147.430    16.9372   4.542350    216.043    204.164 2.8969e-07    90.8019    35.4793    35.4219      1.052      7.850        643    642.000          1  -33.89619  151.16593  0.000e+00
   17.0208   4.541168    147.395    16.9371   4.542163    216.008    203.675 2.8395e-07    90.8031    35.4792    35.4205      1.050      7.851        644    643.000          1  -33.89624  151.16586  0.000e+00
   17.0248   4.541250    147.675    16.9401   4.542184    215.795    203.462 1.0000e-12    90.8951    35.4792    35.4210      1.049      7.852        645    644.000          1  -33.89628  151.16579  0.000e+00
   17.0273   4.541417    148.098    16.9431   4.542514    215.720    203.417 1.3023e-06    90.9736    35.4795    35.4225      1.040      7.854        646    645.000          1  -33.89632  151.16572  0.000e+00
   17.0280   4.541297    147.811    16.9404   4.542461    215.764    203.601 3.9096e-06    91.2872    35.4779    35.4217      1.048      7.855        647    646.000          1  -33.89636  151.16566  0.000e+00
   17.0304   4.541173    148.235    16.9383   4.542598    215.855    203.458 1.0000e-12    91.3324    35.4763    35.4222      1.039      7.856        648    647.000          1  -33.89641  151.16559  0.000e+00
   17.0223   4.541184    148.370    16.9341   4.542472    216.220    203.529 1.6752e-06    91.3900    35.4757    35.4233      1.040      7.855        649    648.000          1  -33.89645  151.16552  0.000e+00
   17.0170   4.541370    148.345    16.9308   4.542768    216.180    203.069 9.7018e-07    91.3653    35.4760    35.4223      1.033      7.856        650    649.000          1  -33.89649  151.16545  0.000e+00
   17.0181   4.541458    148.473    16.9331   4.542715    215.670    203.357 3.6277e-06    91.2254    35.4754    35.4234      1.038      7.855        651    650.000          1  -33.89653  151.16539  0.000e+00
   17.0193   4.540994    148.407    16.9327   4.542813    215.928    203.105 1.0000e-12    91.1437    35.4753    35.4240      1.059      7.855        652    651.000          1  -33.89658  151.16532  0.000e+00
   17.0197   4.541141    148.349    16.9331   4.543166    216.173    202.725 5.0852e-07    91.1908    35.4733    35.4241      1.053      7.855        653    652.000          1  -33.89662  151.16525  0.000e+00
   17.0125   4.541403    148.179    16.9296   4.543199    216.214    202.529 1.2650e-06    91.3125    35.4715    35.4230      1.050      7.856        654    653.000          1  -33.89666  151.16518  0.000e+00
   17.0118   4.541298    148.241    16.9313   4.543360    216.195    202.535 3.9003e-07    91.4037    35.4713    35.4222      1.037      7.856        655    654.000          1  -33.89670  151.16512  0.000e+00
   17.0084   4.541131    148.145    16.9296   4.543358    216.274    202.525 6.2438e-08    91.3777    35.4711    35.4220      1.029      7.857        656    655.000          1  -33.89675  151.16505  0.000e+00
   17.0041   4.541576    148.346    16.9340   4.543474    216.603    202.971 3.2210e-06    91.4370    35.4727    35.4218      1.033      7.856        657    656.000          1  -33.89679  151.16498  0.000e+00
   17.0027   4.541622    148.335    16.9292   4.543404    216.836    202.983 3.1509e-06    91.3113    35.4723    35.4210      1.035      7.855        658    657.000          1  -33.89683  151.16491  0.000e+00
   17.0014   4.541356    148.548    16.9270   4.543486    216.823    202.547 1.0000e-12    91.1887    35.4721    35.4192      1.025      7.855        659    658.000          1  -33.89687  151.16485  0.000e+00
   17.0049   4.541474    148.271    16.9258   4.543459    216.975    202.383 1.6854e-06    91.1235    35.4745    35.4192      1.020      7.855        660    659.000          1  -33.89692  151.16478  0.000e+00
   17.0042   4.541614    148.048    16.9278   4.543461    216.969    202.308 1.7481e-06    91.0648    35.4745    35.4199      1.014      7.858        661    660.000          1  -33.89696  151.16471  0.000e+00
   17.0100   4.541683    148.162    16.9282   4.543475    216.942    202.421 3.3626e-06    91.1691    35.4741    35.4195      1.024      7.858        662    661.000          1  -33.89700  151.16464  0.000e+00
   17.0079   4.541601    148.291    16.9276   4.543507    216.825    202.305 3.3014e-06    91.1475    35.4730    35.4185      1.016      7.859        663    662.000          1  -33.89705  151.16458  0.000e+00
   17.0070   4.541700    148.142    16.9249   4.543681    217.000    202.314 1.0000e-12    91.1668    35.4733    35.4190      1.024      7.860        664    663.000          1  -33.89709  151.16451  0.000e+00
   17.0073   4.541947    148.030    16.9260   4.543397    216.778    202.429 8.3157e-07    91.0884    35.4754    35.4183      1.013      7.859        665    664.000          1  -33.89713  151.16444  0.000e+00
   17.0015   4.541928    148.013    16.9241   4.543290    217.133    202.266 1.9945e-07    91.1131    35.4767    35.4190      1.016      7.859        666    665.000          1  -33.89717  151.16437  0.000e+00
   17.0018   4.541868    147.889    16.9275   4.543281    216.836    202.238 1.0000e-12    91.0771    35.4758    35.4196      1.052      7.857        667    666.000          1  -33.89722  151.16431  0.000e+00
   17.0005   4.541677    147.940    16.9307   4.543205    217.092    202.337 1.0000e-12    91.1573    35.4755    35.4193      1.067      7.859        668    667.000          1  -33.89726  151.16424  0.000e+00
   16.9993   4.541893    147.694    16.9300   4.543217    216.968    202.429 1.4926e-06    91.2667    35.4762    35.4197      1.044      7.860        669    668.000          1  -33.89730  151.16417  0.000e+00
   17.0033   4.542079    147.833    16.9310   4.542922    217.137    202.174 3.1872e-06    91.1226    35.4756    35.4205      1.029      7.860        670    669.000          1  -33.89734  151.16410  0.000e+00
   17.0042   4.542282    148.150    16.9273   4.542995    216.580    201.964 4.2751e-06    91.0658    35.4754    35.4208      1.027      7.859        671    670.000          1  -33.89739  151.16404  0.000e+00
   17.0001   4.542531    148.196    16.9302   4.543080    216.458    202.061 1.0000e-12    91.1763    35.4761    35.4219      1.041      7.860        672    671.000          1  -33.89743  151.16397  0.000e+00
   17.0016   4.542656    148.036    16.9308   4.543249    216.259    202.307 5.2124e-07    91.2943    35.4769    35.4223      1.042      7.858        673    672.000          1  -33.89747  151.16390  0.000e+00
   17.0018   4.542653    147.877    16.9334   4.543221    216.285    202.485 3.2338e-07    91.2832    35.4777    35.4210      1.050      7.857        674    673.000          1  -33.89751  151.16383  0.000e+00
   17.0026   4.542867    148.036    16.9301   4.543201    215.872    202.491 1.9169e-06    91.2857    35.4782    35.4215      1.057      7.857        675    674.000          1  -33.89756  151.16377  0.000e+00
   17.0013   4.542740    148.182    16.9290   4.543204    215.768    202.350 5.6559e-07    91.1761    35.4784    35.4204      1.067      7.856        676    675.000          1  -33.89760  151.16370  0.000e+00
   17.0011   4.542830    148.190    16.9205   4.543034    215.438    202.221 3.2809e-08    91.1322    35.4797    35.4211      1.056      7.857        677    676.000          1  -33.89764  151.16363  0.000e+00
   17.0061   4.543008    148.341    16.9238   4.543150    215.493    202.264 1.0501e-06    91.2468    35.4790    35.4205      1.056      7.856        678    677.000          1  -33.89768  151.16356  0.000e+00
   17.0051   4.543007    148.055    16.9228   4.542853    215.640    202.376 1.0000e-12    91.1166    35.4808    35.4198      1.056      7.858        679    678.000          1  -33.89773  151.16350  0.000e+00
   17.0098   4.543038    147.971    16.9264   4.542692    215.429    202.173 9.2616e-07    91.0929    35.4809    35.4201      1.042      7.859        680    679.000          1  -33.89777  151.16343  0.000e+00
   17.0087   4.543213    148.054    16.9263   4.542889    215.394    202.411 1.3400e-06    91.1745    35.4794    35.4202      1.029      7.859        681    680.000          1  -33.89781  151.16336  0.000e+00
   17.0088   4.543171    147.860    16.9261   4.542853    215.241    202.199 1.1539e-06    91.2795    35.4765    35.4210      1.042      7.860        682    681.000          1  -33.89785  151.16329  0.000e+00
   17.0125   4.543250    147.765    16.9238   4.542692    215.446    202.136 3.3526e-06    91.0511    35.4784    35.4205      1.027      7.860        683    682.000          1  -33.89790  151.16323  0.000e+00
   17.0152   4.543471    147.509    16.9187   4.542413    215.777    202.383 4.7423e-06    91.1031    35.4767    35.4196      1.015      7.862        684    683.000          1  -33.89794  151.16316  0.000e+00
   17.0191   4.543345    147.579    16.9213   4.542122    215.428    202.643 7.6357e-06    91.1978    35.4775    35.4186      1.013      7.861        685    684.000          1  -33.89798  151.16309  0.000e+00
   17.0196   4.543346    147.542    16.9201   4.542138    215.624    202.584 6.8922e-06    91.3513    35.4776    35.4190      1.011      7.863        686    685.000          1  -33.89803  151.16302  0.000e+00
   17.0188   4.543250    147.606    16.9149   4.542187    215.803    202.742 6.2497e-06    91.3293    35.4778    35.4174      1.012      7.863        687    686.000          1  -33.89807  151.16296  0.000e+00
   17.0171   4.543062    147.638    16.9193   4.542217    215.536    202.959 8.2867e-06    91.4614    35.4780    35.4170      1.007      7.864        688    687.000          1  -33.89811  151.16289  0.000e+00
