testdataQC/live_realtime_demo.cnv
* Sea-Bird SBE 9 Data File:
* FileName = testdataQC/live_realtime_demo.hex
* Software Version Seasave V 7.26.7.110
* Temperature SN = 5932
* Conductivity SN = 3168
* Number of Bytes Per Scan = 41
* Number of Voltage Words = 4
* Number of Scans Averaged by the Deck Unit = 1
* NMEA Latitude = 33 52.13 S
* NMEA Longitude = 151 12.56 E
* NMEA UTC (Time) = Sep 28 2025  09:58:11
** Operator: Ella
** CTD config:
** Ship: Investigator
** Cruise: in2020_v09
** Station:  7
** Latitude:
** Longitude:
** Depth:
# nquan = 17
# nvalues = 0
# units = specified
# name 0 = t090C: Temperature [ITS-90, deg C]
# name 1 = c0S/m: Conductivity [S/m]
# name 2 = prDM: Pressure, Digiquartz [db]
# name 3 = t190C: Temperature, 2 [ITS-90, deg C]
# name 4 = c1S/m: Conductivity, 2 [S/m]
# name 5 = sbeox0Mm/L: Oxygen, SBE 43 [umol/l]
# name 6 = sbeox1Mm/L: Oxygen, SBE 43, 2 [umol/l]
# name 7 = par: PAR/Irradiance, Biospherical/Licor [umol photons/m^2/sec]
# name 8 = CStarTr0: Beam Transmission, WET Labs C-Star [%]
# name 9 = sal00: Salinity, Practical [PSU]
# name 10 = sal11: Salinity, Practical, 2 [PSU]
# name 11 = scan: Scan Count
# name 12 = timeS: Time, Elapsed [seconds]
# name 13 = pumps: Pump Status
# name 14 = latitude: Latitude [deg]
# name 15 = longitude: Longitude [deg]
# name 16 = flag: 0.000e+00
# span 0 =      12.3276,      21.6890
# span 1 =     4.055418,     5.027629
# span 2 =        1.956,      292.795
# span 3 =      12.3361,      21.6988
# span 4 =     4.055566,     5.027419
# span 5 =     172.3590,     253.4380
# span 6 =     168.4760,     247.1880
# span 7 =   1.0000e-12,   3.2782e-05
# span 8 =      84.6324,      98.2135
# span 9 =      35.0889,      35.8769
# span 10 =      35.0814,      35.8393
# span 11 =            1,       304611
# span 12 =       0.0000,   12692.0830
# span 13 =            1,            1
# span 14 =     -35.5746,     -35.2062
# span 15 =     154.3095,     154.3313
# span 16 =   0.0000e+00,   0.0000e+00
# interval = seconds: 1.0
# start_time = Sep 28 2025 09:58:11 [System UTC, first data scan.]
# bad_flag = -9.99e-29
*END*
[from data line 1198]
   17.0372   4.548562    142.858    16.8696   4.544061    211.444    213.327 9.1002e-07    93.3136    35.5167    35.4622       1199   1198.000          1  -33.91988  151.12842  0.000e+00
   17.0361   4.548840    143.020    16.8676   4.543780    211.326    213.054 1.8227e-06    93.6150    35.5186    35.4616       1200   1199.000          1  -33.91992  151.12835  0.000e+00
   17.0373   4.548847    143.060    16.8693   4.543530    211.472    212.878 1.0894e-06    93.8258    35.5186    35.4610       1201   1200.000          1  -33.91997  151.12828  0.000e+00
   17.0455   4.549107    142.901    16.8715   4.543218    211.528    212.820 2.9006e-06    93.8158    35.5182    35.4634       1202   1201.000          1  -33.92001  151.12822  0.000e+00
   17.0479   4.549411    142.997    16.8725   4.543562    211.601    212.726 1.2696e-06    93.7838    35.5192    35.4633       1203   1202.000          1  -33.92005  151.12815  0.000e+00
   17.0445   4.549201    143.235    16.8683   4.543278    212.035    212.827 1.8648e-06    93.5047    35.5201    35.4632       1204   1203.000          1  -33.92009  151.12808  0.000e+00
   17.0418   4.549202    143.273    16.8609   4.543396    212.033    212.679 2.0506e-06    93.3667    35.5199    35.4646       1205   1204.000          1  -33.92014  151.12801  0.000e+00
   17.0435   4.549499    143.489    16.8588   4.543559    212.485    212.979 2.3561e-06    93.3767    35.5214    35.4637       1206   1205.000          1  -33.92018  151.12795  0.000e+00
   17.0437   4.549513    143.668    16.8621   4.543251    212.230    213.204 1.0000e-12    93.4567    35.5227    35.4642       1207   1206.000          1  -33.92022  151.12788  0.000e+00
   17.0454   4.549760    143.641    16.8602   4.543698    211.943    213.222 1.0000e-12    93.6216    35.5233    35.4645       1208   1207.000          1  -33.92026  151.12781  0.000e+00
   17.0440   4.549525    143.742    16.8570   4.543583    212.004    213.045 3.3563e-06    93.7152    35.5252    35.4630       1209   1208.000          1  -33.92031  151.12775  0.000e+00
   17.0451   4.549465    143.735    16.8550   4.543613    211.879    213.073 3.4275e-06    93.6562    35.5262    35.4627       1210   1209.000          1  -33.92035  151.12768  0.000e+00
   17.0444   4.549239    143.533    16.8523   4.543392    211.841    213.122 3.2011e-06    93.7054    35.5272    35.4622       1211   1210.000          1  -33.92039  151.12761  0.000e+00
   17.0401   4.548995    143.487    16.8590   4.543201    211.902    213.172 3.5425e-06    93.9180    35.5275    35.4618       1212   1211.000          1  -33.92043  151.12754  0.000e+00
   17.0358   4.549116    143.487    16.8606   4.543277    211.950    213.414 2.4930e-06    94.1293    35.5275    35.4622       1213   1212.000          1  -33.92048  151.12748  0.000e+00
   17.0306   4.548667    143.512    16.8638   4.543184    212.047    213.570 5.7968e-06    94.1253    35.5275    35.4623       1214   1213.000          1  -33.92052  151.12741  0.000e+00
   17.0306   4.548927    143.347    16.8584   4.542981    211.777    213.313 7.0898e-06    94.1073    35.5271    35.4631       1215   1214.000          1  -33.92056  151.12734  0.000e+00
   17.0336   4.548689    143.541    16.8553   4.543129    211.621    213.414 6.8300e-06    94.1096    35.5272    35.4642       1216   1215.000          1  -33.92060  151.12727  0.000e+00
   17.0391   4.548633    143.526    16.8547   4.543106    211.402    213.229 7.1149e-06    94.1371    35.5269    35.4646       1217   1216.000          1  -33.92065  151.12721  0.000e+00
   17.0411   4.548617    143.620    16.8563   4.543134    211.603    213.023 5.8929e-06    94.2128    35.5266    35.4656       1218   1217.000          1  -33.92069  151.12714  0.000e+00
   17.0426   4.548766    143.714    16.8579   4.543336    211.545    213.552 6.6402e-06    94.3091    35.5265    35.4669       1219   1218.000          1  -33.92073  151.12707  0.000e+00
   17.0440   4.548335    143.466    16.8532   4.543310    211.637    213.589 4.4932e-06    94.2158    35.5269    35.4678       1220   1219.000          1  -33.92077  151.12700  0.000e+00
   17.0403   4.548495    143.163    16.8487   4.543103    211.685    213.891 1.0000e-12    94.3683    35.5282    35.4678       1221   1220.000          1  -33.92082  151.12694  0.000e+00
   17.0398   4.548262    143.200    16.8515   4.543140    211.513    213.826 9.5388e-07    94.1588    35.5268    35.4651       1222   1221.000          1  -33.92086  151.12687  0.000e+00
   17.0408   4.548260    143.173    16.8524   4.543019    211.744    213.913 1.3354e-06    94.1438    35.5257    35.4642       1223   1222.000          1  -33.92090  151.12680  0.000e+00
   17.0412   4.548498    142.927    16.8535   4.543320    211.900    214.081 1.8365e-06    94.0599    35.5258    35.4636       1224   1223.000          1  -33.92095  151.12673  0.000e+00
   17.0376   4.548612    142.948    16.8547   4.543449    212.025    214.032 1.0000e-12    94.0209    35.5240    35.4649       1225   1224.000          1  -33.92099  151.12667  0.000e+00
   17.0335   4.548546    142.836    16.8576   4.543377    212.103    214.310 1.6599e-06    93.8723    35.5243    35.4669       1226   1225.000          1  -33.92103  151.12660  0.000e+00
   17.0335   4.548597    142.669    16.8604   4.543405    212.432    214.719 2.0774e-06    93.9334    35.5244    35.4684       1227   1226.000          1  -33.92107  151.12653  0.000e+00
   17.0345   4.548894    142.528    16.8642   4.543533    212.331    215.032 2.4113e-06    93.7915    35.5230    35.4691       1228   1227.000          1  -33.92112  151.12646  0.000e+00
   17.0357   4.548659    142.872    16.8628   4.543130    211.962    215.041 1.0000e-12    93.8297    35.5239    35.4686       1229   1228.000          1  -33.92116  151.12640  0.000e+00
   17.0329   4.548817    142.742    16.8567   4.543030    211.998    215.103 1.0647e-06    93.8264    35.5239    35.4682       1230   1229.000          1  -33.92120  151.12633  0.000e+00
   17.0352   4.548704    142.817    16.8556   4.542986    211.895    215.225 2.8275e-06    93.8902    35.5250    35.4684       1231   1230.000          1  -33.92124  151.12626  0.000e+00
   17.0350   4.548806    142.831    16.8633   4.542862    211.923    215.163 1.0000e-12    93.7168    35.5260    35.4683       1232   1231.000          1  -33.92129  151.12619  0.000e+00
   17.0369   4.548774    142.985    16.8627   4.542721    212.000    214.986 1.2467e-08    93.5825    35.5263    35.4688       1233   1232.000          1  -33.92133  151.12613  0.000e+00
   17.0306   4.548908    143.073    16.8623   4.542854    211.768    214.831 1.2381e-06    93.7224    35.5269    35.4686       1234   1233.000          1  -33.92137  151.12606  0.000e+00
   17.0289   4.548591    143.120    16.8647   4.542806    211.721    215.314 1.0000e-12    93.7063    35.5274    35.4678       1235   1234.000          1  -33.92141  151.12599  0.000e+00
   17.0275   4.548650    143.201    16.8665   4.543366    211.333    215.138 8.4878e-07    93.7175    35.5264    35.4679       1236   1235.000          1  -33.92146  151.12592  0.000e+00
   17.0247   4.548768    143.367    16.8694   4.543490    211.430    215.140 1.0713e-06    93.9218    35.5270    35.4662       1237   1236.000          1  -33.92150  151.12586  0.000e+00
   17.0283   4.548715    143.060    16.8720   4.543502    211.678    215.069 3.0018e-06    93.7272    35.5286    35.4665       1238   1237.000          1  -33.92154  151.12579  0.000e+00
   17.0265   4.548948    143.006    16.8694   4.543206    211.701    214.983 3.9305e-06    93.7921    35.5294    35.4673       1239   1238.000          1  -33.92158  151.12572  0.000e+00
   17.0241   4.548985    143.010    16.8694   4.543046    211.657    214.852 5.2317e-06    93.5409    35.5312    35.4668       1240   1239.000          1  -33.92163  151.12565  0.000e+00
   17.0179   4.549051    143.198    16.8625   4.542827    211.662    214.829 2.7685e-06    93.4646    35.5332    35.4677       1241   1240.000          1  -33.92167  151.12559  0.000e+00
   17.0193   4.549270    143.364    16.8685   4.543245    212.033    214.571 2.0413e-06    93.7719    35.5322    35.4670       1242   1241.000          1  -33.92171  151.12552  0.000e+00
   17.0153   4.549280    143.296    16.8683   4.542839    211.864    214.244 2.6003e-06    93.8578    35.5307    35.4644       1243   1242.000          1  -33.92175  151.12545  0.000e+00
   17.0230   4.549643    143.457    16.8709   4.542866    211.718    214.237 1.8387e-07    93.8467    35.5323    35.4645       1244   1243.000          1  -33.92180  151.12538  0.000e+00
   17.0229   4.549845    143.461    16.8713   4.542884    211.634    214.307 2.3898e-06    93.8600    35.5320    35.4639       1245   1244.000          1  -33.92184  151.12532  0.000e+00
   17.0226   4.549843    143.405    16.8730   4.542851    211.585    214.365 3.1311e-06    93.9069    35.5325    35.4634       1246   1245.000          1  -33.92188  151.12525  0.000e+00
   17.0192   4.549969    143.671    16.8710   4.543120    211.822    214.451 1.8705e-06    93.9160    35.5311    35.4622       1247   1246.000          1  -33.92193  151.12518  0.000e+00
   17.0179   4.550056    143.739    16.8783   4.543249    212.015    214.480 1.7045e-06    93.9288    35.5313    35.4626       1248   1247.000          1  -33.92197  151.12511  0.000e+00
   17.0214   4.550047    143.809    16.8803   4.543437    212.240    214.765 2.3181e-06    94.0423    35.5304    35.4635       1249   1248.000          1  -33.92201  151.12505  0.000e+00
   17.0217   4.550024    143.949    16.8777   4.543470    212.285    215.255 2.2472e-06    94.0756    35.5298    35.4638       1250   1249.000          1  -33.92205  151.12498  0.000e+00
   17.0205   4.550110    143.759    16.8754   4.543041    212.234    215.685 9.4937e-07    94.1455    35.5319    35.4643       1251   1250.000          1  -33.92210  151.12491  0.000e+00
   17.0203   4.550137    143.931    16.8755   4.542896    212.380    215.658 8.9697e-08    94.0523    35.5304    35.4653       1252   1251.000          1  -33.92214  151.12484  0.000e+00
   17.0191   4.550111    143.916    16.8765   4.542580    212.422    215.863 3.7109e-07    94.1165    35.5305    35.4641       1253   1252.000          1  -33.92218  151.12478  0.000e+00
   17.0131   4.550093    144.048    16.8761   4.542311    212.711    216.186 2.3742e-06    94.1323    35.5304    35.4660       1254   1253.000          1  -33.92222  151.12471  0.000e+00
   17.0128   4.550125    144.165    16.8780   4.542538    212.544    216.032 2.8191e-06    94.2271    35.5289    35.4666       1255   1254.000          1  -33.92227  151.12464  0.000e+00
   17.0101   4.550302    144.376    16.8749   4.542800    212.708    216.093 6.0781e-06    94.3050    35.5274    35.4660       1256   1255.000          1  -33.92231  151.12457  0.000e+00
   17.0050   4.550715    144.518    16.8729   4.543024    212.532    216.145 6.2634e-06    94.1762    35.5266    35.4641       1257   1256.000          1  -33.92235  151.12451  0.000e+00
   17.0001   4.550618    144.599    16.8730   4.543150    212.589    215.982 4.5653e-06    94.2391    35.5269    35.4639       1258   1257.000          1  -33.92239  151.12444  0.000e+00
   16.9945   4.550588    144.355    16.8742   4.543094    212.835    215.816 4.1280e-06    94.0867    35.5261    35.4639       1259   1258.000          1  -33.92244  151.12437  0.000e+00
   16.9994   4.550785    144.122    16.8743   4.543149    212.636    215.697 6.1562e-06    94.0146    35.5252    35.4643       1260   1259.000          1  -33.92248  151.12430  0.000e+00
   17.0026   4.550898    144.215    16.8780   4.543197    212.497    215.728 6.4368e-06    93.9667    35.5253    35.4653       1261   1260.000          1  -33.92252  151.12424  0.000e+00
   17.0019   4.550846    144.260    16.8795   4.543435    212.492    215.813 7.2727e-06    93.9049    35.5263    35.4664       1262   1261.000          1  -33.92256  151.12417  0.000e+00
   16.9964   4.550659    144.305    16.8823   4.543183    212.682    216.051 6.8642e-06    93.7097    35.5258    35.4656       1263   1262.000          1  -33.92261  151.12410  0.000e+00
   16.9976   4.550872    144.441    16.8770   4.543379    212.654    216.056 3.0097e-06    93.7776    35.5268    35.4653       1264   1263.000          1  -33.92265  151.12403  0.000e+00
   16.9927   4.550825    144.534    16.8810   4.543353    212.532    216.057 3.5810e-06    93.8229    35.5275    35.4654       1265   1264.000          1  -33.92269  151.12397  0.000e+00
   16.9970   4.551197    144.641    16.8820   4.543558    212.436    216.022 4.9713e-06    93.6878    35.5297    35.4653       1266   1265.000          1  -33.92273  151.12390  0.000e+00
   16.9950   4.551299    144.769    16.8773   4.543557    212.616    216.008 6.6770e-06    93.6330    35.5303    35.4644       1267   1266.000          1  -33.92278  151.12383  0.000e+00
   16.9958   4.551031    144.988    16.8766   4.544013    212.381    216.129 8.4089e-06    93.6276    35.5291    35.4633       1268   1267.000          1  -33.92282  151.12377  0.000e+00
   16.9917   4.550962    144.865    16.8779   4.543886    212.533    215.934 1.0000e-12    93.6649    35.5285    35.4633       1269   1268.000          1  -33.92286  151.12370  0.000e+00
   16.9932   4.550928    144.595    16.8786   4.543963    212.743    215.918 2.0842e-06    93.5948    35.5285    35.4635       1270   1269.000          1  -33.92290  151.12363  0.000e+00
   16.9933   4.551104    144.354    16.8774   4.544016    212.863    215.960 2.7369e-06    93.7299    35.5273    35.4646       1271   1270.000          1  -33.92295  151.12356  0.000e+00
   16.9906   4.551243    144.365    16.8697   4.543751    212.648    215.819 1.0000e-12    93.8454    35.5280    35.4657       1272   1271.000          1  -33.92299  151.12350  0.000e+00
   16.9924   4.551343    144.320    16.8705   4.544038    212.395    215.798 1.3931e-06    93.7824    35.5266    35.4658       1273   1272.000          1  -33.92303  151.12343  0.000e+00
   16.9905   4.551314    144.440    16.8775   4.543998    212.209    215.621 5.9491e-07    93.8362    35.5268    35.4656       1274   1273.000          1  -33.92308  151.12336  0.000e+00
   16.9905   4.551327    144.630    16.8806   4.543972    212.048    215.685 3.5442e-06    93.9833    35.5264    35.4649       1275   1274.000          1  -33.92312  151.12329  0.000e+00
   16.9941   4.551450    144.340    16.8795   4.543784    212.281    215.789 4.2407e-07    93.9108    35.5257    35.4648       1276   1275.000          1  -33.92316  151.12323  0.000e+00
   16.9938   4.551443    144.274    16.8857   4.543673    212.459    215.761 1.0481e-06    93.9225    35.5257    35.4645       1277   1276.000          1  -33.92320  151.12316  0.000e+00
   16.9928   4.551353    144.100    16.8827   4.543686    211.961    215.390 4.7602e-07    94.0473    35.5267    35.4649       1278   1277.000          1  -33.92325  151.12309  0.000e+00
   16.9902   4.551267    143.998    16.8786   4.543710    212.332    215.571 3.2616e-07    94.0984    35.5275    35.4646       1279   1278.000          1  -33.92329  151.12302  0.000e+00
   16.9955   4.551148    144.005    16.8812   4.543647    212.530    215.892 1.0000e-12    94.1837    35.5276    35.4636       1280   1279.000          1  -33.92333  151.12296  0.000e+00
   16.9923   4.551123    143.849    16.8810   4.543449    212.500    216.138 6.0235e-07    94.2050    35.5279    35.4631       1281   1280.000          1  -33.92337  151.12289  0.000e+00
   16.9917   4.551227    143.949    16.8809   4.543629    212.561    216.375 1.0000e-12    94.2028    35.5287    35.4632       1282   1281.000          1  -33.92342  151.12282  0.000e+00
   16.9936   4.550997    143.938    16.8796   4.543469    212.599    216.557 1.3601e-06    94.1766    35.5293    35.4642       1283   1282.000          1  -33.92346  151.12275  0.000e+00
