testdataQC/live_realtime_demo.cnv
* Sea-Bird SBE 9 Data File:
* FileName = testdataQC/live_realtime_demo.hex
* Software Version Seasave V 7.26.7.110
* Temperature SN = 5932
* Conductivity SN = 3168
* Number of Bytes Per Scan = 41
* Number of Voltage Words = 4
* Number of Scans Averaged by the Deck Unit = 1
* NMEA Latitude = 33 52.13 S
* NMEA Longitude = 151 12.56 E
* NMEA UTC (Time) = Oct 08 2025  14:31:53
** Operator: Ella
** CTD config:
** Ship: Investigator
** Cruise: in2020_v09
** Station:  7
** Latitude:
** Longitude:
** Depth:
# nquan = 19
# nvalues = 0
# units = specified
# name 0 = t090C: Temperature [ITS-90, deg C]
# name 1 = c0S/m: Conductivity [S/m]
# name 2 = prDM: Pressure, Digiquartz [db]
# name 3 = t190C: Temperature, 2 [ITS-90, deg C]
# name 4 = c1S/m: Conductivity, 2 [S/m]
# name 5 = sbeox0Mm/L: Oxygen, SBE 43 [umol/l]
# name 6 = sbeox1Mm/L: Oxygen, SBE 43, 2 [umol/l]
# name 7 = par: PAR/Irradiance, Biospherical/Licor [umol photons/m^2/sec]
# name 8 = CStarTr0: Beam Transmission, WET Labs C-Star [%]
# name 9 = sal00: Salinity, Practical [PSU]
# name 10 = sal11: Salinity, Practical, 2 [PSU]
# name 11 = fleco_afl: Fluorescence [mg/m³]
# name 12 = ph: pH
# name 13 = scan: Scan Count
# name 14 = timeS: Time, Elapsed [seconds]
# name 15 = pumps: Pump Status
# name 16 = latitude: Latitude [deg]
# name 17 = longitude: Longitude [deg]
# name 18 = flag: 0.000e+00
# span 0 =      12.3276,      21.6890
# span 1 =     4.055418,     5.027629
# span 2 =        1.956,      292.795
# span 3 =      12.3361,      21.6988
# span 4 =     4.055566,     5.027419
# span 5 =     172.3590,     253.4380
# span 6 =     168.4760,     247.1880
# span 7 =   1.0000e-12,   3.2782e-05
# span 8 =      84.6324,      98.2135
# span 9 =      35.0889,      35.8769
# span 10 =      35.0814,      35.8393
# span 11 =            0,            2
# span 12 =       7.5000,       8.2000
# span 13 =            1,       304611
# span 14 =       0.0000,   12692.0830
# span 15 =       1.0000,       1.0000
# span 16 =  -3.5575e+01,  -3.5206e+01
# span 17 =     154.3095,     154.3313
# span 18 =       0.0000,       0.0000
# interval = seconds: 1.0
# start_time = Oct 08 2025 14:31:53 [System UTC, first data scan.]
# bad_flag = -9.99e-29
*END*
[from data line 766]
   16.9892   4.541200    145.634    16.9305   4.543392    213.244    201.637 1.1134e-07    91.8094    35.4817    35.4256      0.936      7.858        767    766.000          1  -33.90148  151.15756  0.000e+00
   16.9884   4.541654    145.676    16.9301   4.543639    213.408    201.941 1.9584e-06    91.8013    35.4822    35.4262      0.944      7.856        768    767.000          1  -33.90152  151.15749  0.000e+00
   16.9912   4.541603    145.495    16.9287   4.543757    213.244    202.489 1.4609e-06    91.8388    35.4819    35.4258      0.931      7.856        769    768.000          1  -33.90156  151.15743  0.000e+00
   16.9917   4.541512    145.643    16.9327   4.543620    213.004    202.615 2.3581e-06    91.8303    35.4820    35.4263      0.931      7.856        770    769.000          1  -33.90160  151.15736  0.000e+00
   16.9868   4.541461    145.607    16.9364   4.543459    213.324    202.939 7.1004e-06    91.6932    35.4829    35.4255      0.921      7.856        771    770.000          1  -33.90165  151.15729  0.000e+00
   16.9871   4.541552    145.467    16.9317   4.543659    213.190    203.048 6.2892e-06    91.7015    35.4803    35.4254      0.933      7.854        772    771.000          1  -33.90169  151.15722  0.000e+00
   16.9873   4.541468    145.579    16.9310   4.543811    213.493    202.900 4.0287e-06    91.7810    35.4809    35.4242      0.918      7.855        773    772.000          1  -33.90173  151.15716  0.000e+00
   16.9867   4.541371    145.558    16.9319   4.543624    213.395    202.933 2.9818e-06    91.7962    35.4797    35.4236      0.925      7.855        774    773.000          1  -33.90177  151.15709  0.000e+00
   16.9870   4.541516    145.553    16.9304   4.543660    213.000    203.053 1.0390e-06    91.6738    35.4800    35.4246      0.932      7.854        775    774.000          1  -33.90182  151.15702  0.000e+00
   16.9846   4.541707    145.432    16.9301   4.543762    212.844    202.828 2.4821e-06    91.6397    35.4808    35.4244      0.950      7.857        776    775.000          1  -33.90186  151.15695  0.000e+00
   16.9879   4.541645    145.510    16.9355   4.544015    212.732    203.030 4.0959e-06    91.7973    35.4821    35.4250      0.957      7.856        777    776.000          1  -33.90190  151.15689  0.000e+00
   16.9853   4.541670    145.683    16.9355   4.544326    213.079    202.539 1.8670e-06    91.7463    35.4814    35.4248      0.960      7.855        778    777.000          1  -33.90194  151.15682  0.000e+00
   16.9866   4.541631    145.936    16.9414   4.544906    212.895    202.346 1.9598e-06    91.6879    35.4789    35.4243      0.956      7.856        779    778.000          1  -33.90199  151.15675  0.000e+00
   16.9924   4.541625    145.958    16.9448   4.544985    212.998    202.250 3.6537e-06    91.7432    35.4792    35.4237      0.947      7.857        780    779.000          1  -33.90203  151.15668  0.000e+00
   16.9897   4.541680    145.984    16.9441   4.545085    212.908    202.192 4.6861e-06    91.8468    35.4787    35.4236      0.936      7.858        781    780.000          1  -33.90207  151.15662  0.000e+00
   16.9926   4.541693    146.107    16.9440   4.545065    212.924    202.275 1.5128e-06    91.8393    35.4791    35.4237      0.945      7.860        782    781.000          1  -33.90212  151.15655  0.000e+00
   16.9883   4.541726    145.884    16.9429   4.545100    213.220    202.083 5.7044e-06    91.7406    35.4794    35.4227      0.963      7.861        783    782.000          1  -33.90216  151.15648  0.000e+00
   16.9862   4.541805    145.773    16.9396   4.545254    213.102    202.310 4.6188e-06    91.7634    35.4800    35.4221      0.958      7.862        784    783.000          1  -33.90220  151.15641  0.000e+00
   16.9874   4.541621    145.969    16.9365   4.545055    213.372    202.487 2.8534e-06    91.7130    35.4800    35.4222      0.957      7.861        785    784.000          1  -33.90224  151.15635  0.000e+00
   16.9910   4.541600    146.255    16.9371   4.544870    213.349    202.681 1.9309e-06    91.7324    35.4806    35.4212      0.945      7.861        786    785.000          1  -33.90229  151.15628  0.000e+00
   16.9802   4.541820    146.405    16.9361   4.544980    213.324    202.523 7.7588e-07    91.8217    35.4810    35.4217      0.939      7.862        787    786.000          1  -33.90233  151.15621  0.000e+00
   16.9786   4.541694    146.323    16.9453   4.544900    213.177    202.603 1.0000e-12    92.0378    35.4824    35.4216      0.928      7.862        788    787.000          1  -33.90237  151.15614  0.000e+00
   16.9798   4.541835    146.607    16.9396   4.545027    213.441    202.696 3.3906e-06    92.1080    35.4822    35.4227      0.915      7.861        789    788.000          1  -33.90241  151.15608  0.000e+00
   16.9826   4.541719    146.837    16.9445   4.544866    213.386    202.846 4.9649e-06    92.0526    35.4820    35.4223      0.924      7.863        790    789.000          1  -33.90246  151.15601  0.000e+00
   16.9786   4.541912    146.806    16.9471   4.545038    213.250    203.064 4.9443e-06    92.0766    35.4830    35.4234      0.912      7.861        791    790.000          1  -33.90250  151.15594  0.000e+00
   16.9802   4.542032    146.780    16.9449   4.545043    213.240    202.894 3.6624e-06    92.0230    35.4829    35.4231      0.916      7.861        792    791.000          1  -33.90254  151.15587  0.000e+00
   16.9782   4.541882    146.828    16.9457   4.545092    213.110    203.013 1.0000e-12    91.9769    35.4812    35.4235      0.918      7.862        793    792.000          1  -33.90258  151.15581  0.000e+00
   16.9781   4.542122    146.979    16.9460   4.545353    212.721    203.357 6.1379e-07    91.8868    35.4811    35.4262      0.914      7.860        794    793.000          1  -33.90263  151.15574  0.000e+00
   16.9789   4.542242    147.223    16.9441   4.545261    212.810    203.360 1.9572e-06    91.9274    35.4797    35.4263      0.916      7.859        795    794.000          1  -33.90267  151.15567  0.000e+00
   16.9767   4.542153    147.363    16.9466   4.545226    212.822    203.421 6.1848e-07    92.0980    35.4803    35.4282      0.930      7.860        796    795.000          1  -33.90271  151.15560  0.000e+00
   16.9754   4.541959    147.550    16.9479   4.545551    212.906    203.344 1.6440e-06    92.1174    35.4794    35.4284      0.951      7.859        797    796.000          1  -33.90275  151.15554  0.000e+00
   16.9753   4.541721    147.588    16.9458   4.545498    212.772    203.642 1.5371e-06    92.1742    35.4803    35.4291      0.949      7.859        798    797.000          1  -33.90280  151.15547  0.000e+00
   16.9752   4.541330    147.432    16.9446   4.545341    212.967    203.741 8.3761e-07    92.2961    35.4793    35.4300      0.951      7.858        799    798.000          1  -33.90284  151.15540  0.000e+00
   16.9747   4.541081    147.448    16.9448   4.545462    213.076    203.524 1.5026e-06    92.3092    35.4778    35.4293      0.958      7.858        800    799.000          1  -33.90288  151.15533  0.000e+00
   16.9762   4.540904    147.472    16.9447   4.545597    212.864    203.451 4.4094e-07    92.1389    35.4762    35.4286      0.954      7.860        801    800.000          1  -33.90292  151.15527  0.000e+00
   16.9734   4.541006    147.533    16.9404   4.545263    213.137    203.501 2.5092e-06    91.9798    35.4761    35.4295      0.963      7.860        802    801.000          1  -33.90297  151.15520  0.000e+00
   16.9730   4.541344    147.387    16.9455   4.545678    213.257    203.530 2.9796e-06    92.0692    35.4760    35.4284      0.949      7.862        803    802.000          1  -33.90301  151.15513  0.000e+00
   16.9750   4.541021    147.292    16.9459   4.545967    212.719    203.674 3.8056e-06    92.0707    35.4767    35.4292      0.957      7.862        804    803.000          1  -33.90305  151.15506  0.000e+00
   16.9777   4.540542    147.431    16.9473   4.546070    212.504    203.941 2.8619e-06    91.8954    35.4787    35.4299      0.962      7.864        805    804.000          1  -33.90309  151.15500  0.000e+00
   16.9746   4.540505    147.436    16.9490   4.546499    212.368    203.777 1.7335e-06    91.8967    35.4769    35.4284      0.953      7.865        806    805.000          1  -33.90314  151.15493  0.000e+00
   16.9719   4.540457    147.432    16.9462   4.546612    212.257    203.957 1.0000e-12    92.0516    35.4768    35.4281      0.968      7.866        807    806.000          1  -33.90318  151.15486  0.000e+00
   16.9808   4.540203    147.344    16.9457   4.546761    212.283    204.007 1.1306e-06    91.9461    35.4757    35.4282      0.963      7.866        808    807.000          1  -33.90322  151.15480  0.000e+00
   16.9794   4.539794    147.507    16.9485   4.546452    211.943    203.968 5.2134e-07    91.7319    35.4754    35.4290      0.961      7.865        809    808.000          1  -33.90327  151.15473  0.000e+00
   16.9807   4.539773    147.756    16.9460   4.546586    211.871    204.240 4.6808e-07    91.8124    35.4745    35.4287      0.971      7.864        810    809.000          1  -33.90331  151.15466  0.000e+00
   16.9774   4.539557    147.962    16.9476   4.546827    211.684    204.462 1.1640e-06    91.8875    35.4726    35.4295      0.967      7.862        811    810.000          1  -33.90335  151.15459  0.000e+00
   16.9742   4.539442    147.959    16.9479   4.546577    211.192    204.673 3.8664e-07    91.8656    35.4730    35.4289      0.964      7.861        812    811.000          1  -33.90339  151.15453  0.000e+00
   16.9759   4.539581    148.093    16.9465   4.546657    211.020    204.644 3.3501e-06    91.8228    35.4727    35.4284      0.953      7.861        813    812.000          1  -33.90344  151.15446  0.000e+00
   16.9783   4.539279    147.936    16.9444   4.546314    210.841    204.782 5.3275e-06    91.8089    35.4708    35.4277      0.951      7.862        814    813.000          1  -33.90348  151.15439  0.000e+00
   16.9737   4.539241    147.586    16.9394   4.546178    210.623    204.967 5.9795e-06    91.8799    35.4709    35.4274      0.952      7.863        815    814.000          1  -33.90352  151.15432  0.000e+00
   16.9752   4.539138    147.287    16.9383   4.546042    210.253    205.025 8.4547e-06    91.9412    35.4720    35.4275      0.947      7.862        816    815.000          1  -33.90356  151.15426  0.000e+00
   16.9765   4.538961    147.268    16.9391   4.545933    210.089    204.957 1.0707e-05    91.8585    35.4714    35.4274      0.936      7.861        817    816.000          1  -33.90361  151.15419  0.000e+00
   16.9781   4.538630    147.391    16.9401   4.545760    209.977    204.817 1.0760e-05    91.7904    35.4712    35.4267      0.957      7.860        818    817.000          1  -33.90365  151.15412  0.000e+00
   16.9761   4.538520    147.097    16.9420   4.545896    210.128    204.859 9.0024e-06    91.8464    35.4695    35.4282      0.958      7.859        819    818.000          1  -33.90369  151.15405  0.000e+00
   16.9703   4.538444    146.729    16.9372   4.545785    209.766    204.682 9.6782e-06    91.8421    35.4696    35.4252      0.962      7.859        820    819.000          1  -33.90373  151.15399  0.000e+00
   16.9730   4.538637    146.791    16.9390   4.545535    210.014    204.750 8.9396e-06    91.7704    35.4700    35.4259      0.950      7.858        821    820.000          1  -33.90378  151.15392  0.000e+00
   16.9682   4.538562    146.623    16.9402   4.545662    210.104    204.777 7.4599e-06    91.6964    35.4718    35.4253      0.964      7.858        822    821.000          1  -33.90382  151.15385  0.000e+00
   16.9703   4.538770    146.566    16.9378   4.545531    210.033    204.789 6.2989e-06    91.9154    35.4711    35.4237      0.951      7.857        823    822.000          1  -33.90386  151.15378  0.000e+00
   16.9726   4.538322    146.095    16.9321   4.545496    209.707    204.743 5.2294e-06    91.9876    35.4726    35.4228      0.949      7.857        824    823.000          1  -33.90390  151.15372  0.000e+00
   16.9693   4.538481    146.092    16.9335   4.545472    209.464    204.701 7.0506e-06    92.0701    35.4743    35.4214      0.958      7.859        825    824.000          1  -33.90395  151.15365  0.000e+00
   16.9654   4.538464    146.322    16.9289   4.545512    209.798    204.443 8.4708e-06    91.9933    35.4747    35.4208      0.940      7.859        826    825.000          1  -33.90399  151.15358  0.000e+00
   16.9713   4.538686    146.405    16.9288   4.545712    209.722    204.172 1.0000e-12    91.8044    35.4736    35.4209      0.923      7.859        827    826.000          1  -33.90403  151.15351  0.000e+00
   16.9719   4.538992    146.353    16.9363   4.545486    209.770    204.072 2.2365e-07    91.8104    35.4746    35.4205      0.917      7.859        828    827.000          1  -33.90407  151.15345  0.000e+00
   16.9692   4.538814    146.547    16.9366   4.545273    209.730    204.135 8.3208e-07    91.5839    35.4741    35.4201      0.910      7.860        829    828.000          1  -33.90412  151.15338  0.000e+00
   16.9688   4.538799    146.864    16.9325   4.545016    209.748    204.297 3.0328e-06    91.6324    35.4739    35.4201      0.933      7.861        830    829.000          1  -33.90416  151.15331  0.000e+00
   16.9667   4.538799    146.964    16.9303   4.544979    209.725    204.275 1.0000e-12    91.6668    35.4746    35.4198      0.951      7.861        831    830.000          1  -33.90420  151.15324  0.000e+00
   16.9649   4.538883    146.965    16.9272   4.545210    209.912    204.235 1.6253e-06    91.6795    35.4738    35.4185      0.942      7.862        832    831.000          1  -33.90425  151.15318  0.000e+00
   16.9645   4.538711    146.870    16.9278   4.545407    209.800    203.971 1.8771e-06    91.6268    35.4730    35.4199      0.949      7.863        833    832.000          1  -33.90429  151.15311  0.000e+00
   16.9613   4.538490    147.008    16.9264   4.545218    210.035    204.014 4.9497e-07    91.5908    35.4746    35.4215      0.931      7.862        834    833.000          1  -33.90433  151.15304  0.000e+00
   16.9629   4.538500    146.978    16.9290   4.544877    210.116    204.052 1.6574e-06    91.7386    35.4759    35.4208      0.938      7.862        835    834.000          1  -33.90437  151.15297  0.000e+00
   16.9674   4.538268    147.051    16.9314   4.545026    210.332    204.033 1.3489e-06    91.8059    35.4772    35.4210      0.945      7.863        836    835.000          1  -33.90442  151.15291  0.000e+00
   16.9690   4.538211    146.685    16.9362   4.545468    210.046    204.117 1.8508e-06    91.7295    35.4774    35.4217      0.940      7.861        837    836.000          1  -33.90446  151.15284  0.000e+00
   16.9677   4.537912    146.877    16.9374   4.545380    209.866    203.946 2.2976e-06    91.6288    35.4748    35.4229      0.955      7.862        838    837.000          1  -33.90450  151.15277  0.000e+00
   16.9694   4.538417    146.742    16.9373   4.545255    209.674    204.042 3.7624e-06    91.6472    35.4756    35.4228      0.958      7.864        839    838.000          1  -33.90454  151.15270  0.000e+00
   16.9667   4.538535    146.793    16.9342   4.544863    209.690    204.014 5.1863e-06    91.6080    35.4756    35.4225      0.970      7.863        840    839.000          1  -33.90459  151.15264  0.000e+00
   16.9638   4.538280    146.735    16.9368   4.544764    209.795    203.869 4.4767e-06    91.5327    35.4761    35.4226      0.975      7.863        841    840.000          1  -33.90463  151.15257  0.000e+00
   16.9616   4.538128    146.926    16.9354   4.545167    210.193    204.015 4.9904e-06    91.5523    35.4766    35.4208      0.966      7.863        842    841.000          1  -33.90467  151.15250  0.000e+00
