testdataQC/live_realtime_demo.cnv
* Sea-Bird SBE 9 Data File:
* FileName = testdataQC/live_realtime_demo.hex
* Software Version Seasave V 7.26.7.110
* Temperature SN = 5932
* Conductivity SN = 3168
* Number of Bytes Per Scan = 41
* Number of Voltage Words = 4
* Number of Scans Averaged by the Deck Unit = 1
* NMEA Latitude = 33 52.13 S
* NMEA Longitude = 151 12.56 E
* NMEA UTC (Time) = Oct 08 2025  14:31:53
** Operator: Ella
** CTD config:
** Ship: Investigator
** Cruise: in2020_v09
** Station:  7
** Latitude:
** Longitude:
** Depth:
# nquan = 19
# nvalues = 0
# units = specified
# name 0 = t090C: Temperature [ITS-90, deg C]
# name 1 = c0S/m: Conductivity [S/m]
# name 2 = prDM: Pressure, Digiquartz [db]
# name 3 = t190C: Temperature, 2 [ITS-90, deg C]
# name 4 = c1S/m: Conductivity, 2 [S/m]
# name 5 = sbeox0Mm/L: Oxygen, SBE 43 [umol/l]
# name 6 = sbeox1Mm/L: Oxygen, SBE 43, 2 [umol/l]
# name 7 = par: PAR/Irradiance, Biospherical/Licor [umol photons/m^2/sec]
# name 8 = CStarTr0: Beam Transmission, WET Labs C-Star [%]
# name 9 = sal00: Salinity, Practical [PSU]
# name 10 = sal11: Salinity, Practical, 2 [PSU]
# name 11 = fleco_afl: Fluorescence [mg/m³]
# name 12 = ph: pH
# name 13 = scan: Scan Count
# name 14 = timeS: Time, Elapsed [seconds]
# name 15 = pumps: Pump Status
# name 16 = latitude: Latitude [deg]
# name 17 = longitude: Longitude [deg]
# name 18 = flag: 0.000e+00
# span 0 =      12.3276,      21.6890
# span 1 =     4.055418,     5.027629
# span 2 =        1.956,      292.795
# span 3 =      12.3361,      21.6988
# span 4 =     4.055566,     5.027419
# span 5 =     172.3590,     253.4380
# span 6 =     168.4760,     247.1880
# span 7 =   1.0000e-12,   3.2782e-05
# span 8 =      84.6324,      98.2135
# span 9 =      35.0889,      35.8769
# span 10 =      35.0814,      35.8393
# span 11 =            0,            2
# span 12 =       7.5000,       8.2000
# span 13 =            1,       304611
# span 14 =       0.0000,   12692.0830
# span 15 =       1.0000,       1.0000
# span 16 =  -3.5575e+01,  -3.5206e+01
# span 17 =     154.3095,     154.3313
# span 18 =       0.0000,       0.0000
# interval = seconds: 1.0
# start_time = Oct 08 2025 14:31:53 [System UTC, first data scan.]
# bad_flag = -9.99e-29
*END*
[from data line 230]
   17.0221   4.538925    148.509    17.0206   4.542037    210.407    210.008 5.7587e-06    90.4842    35.4829    35.4382      0.926      7.827        231    230.000          1  -33.87864  151.19372  0.000e+00
   17.0202   4.539001    148.479    17.0197   4.542216    210.562    210.234 6.8068e-06    90.5939    35.4837    35.4382      0.940      7.827        232    231.000          1  -33.87868  151.19365  0.000e+00
   17.0209   4.539062    148.392    17.0196   4.542099    210.776    210.274 8.5636e-06    90.4238    35.4835    35.4388      0.933      7.827        233    232.000          1  -33.87873  151.19358  0.000e+00
   17.0248   4.539102    148.285    17.0200   4.542428    210.702    210.435 1.0271e-05    90.4060    35.4819    35.4375      0.925      7.828        234    233.000          1  -33.87877  151.19352  0.000e+00
   17.0274   4.538722    148.193    17.0214   4.542427    210.412    210.057 1.0000e-12    90.3693    35.4818    35.4371      0.924      7.827        235    234.000          1  -33.87881  151.19345  0.000e+00
   17.0258   4.538766    148.356    17.0188   4.542422    210.760    209.838 5.9661e-07    90.2032    35.4811    35.4365      0.936      7.828        236    235.000          1  -33.87885  151.19338  0.000e+00
   17.0241   4.538812    148.405    17.0177   4.542654    210.934    209.623 5.7929e-07    90.3727    35.4806    35.4355      0.949      7.828        237    236.000          1  -33.87890  151.19331  0.000e+00
   17.0224   4.538951    148.325    17.0156   4.542553    211.452    209.650 7.8974e-07    90.1817    35.4788    35.4362      0.933      7.829        238    237.000          1  -33.87894  151.19325  0.000e+00
   17.0189   4.539015    148.281    17.0125   4.542726    211.590    209.658 1.6322e-06    90.2343    35.4783    35.4365      0.929      7.829        239    238.000          1  -33.87898  151.19318  0.000e+00
   17.0174   4.539141    148.479    17.0134   4.542625    211.788    209.728 1.0000e-12    90.1401    35.4788    35.4367      0.934      7.830        240    239.000          1  -33.87902  151.19311  0.000e+00
   17.0171   4.539383    148.505    17.0160   4.542509    211.884    209.817 4.8559e-07    90.1335    35.4776    35.4374      0.938      7.829        241    240.000          1  -33.87907  151.19304  0.000e+00
   17.0152   4.539581    148.720    17.0148   4.542493    211.967    210.006 1.0000e-12    90.2784    35.4777    35.4392      0.948      7.829        242    241.000          1  -33.87911  151.19298  0.000e+00
   17.0146   4.539601    148.617    17.0116   4.542628    211.801    209.611 3.4345e-07    90.2359    35.4786    35.4378      0.949      7.829        243    242.000          1  -33.87915  151.19291  0.000e+00
   17.0143   4.539473    148.770    17.0095   4.542702    211.823    209.126 1.0000e-12    90.0474    35.4778    35.4381      0.954      7.831        244    243.000          1  -33.87919  151.19284  0.000e+00
   17.0188   4.539684    148.572    17.0043   4.542890    212.376    209.128 1.0000e-12    89.9788    35.4782    35.4387      0.961      7.831        245    244.000          1  -33.87924  151.19277  0.000e+00
   17.0190   4.539586    148.646    17.0043   4.542722    212.261    209.183 1.0000e-12    89.7781    35.4782    35.4389      0.965      7.832        246    245.000          1  -33.87928  151.19271  0.000e+00
   17.0158   4.539302    148.627    17.0066   4.542781    211.899    209.060 1.7518e-06    89.8293    35.4778    35.4371      0.979      7.830        247    246.000          1  -33.87932  151.19264  0.000e+00
   17.0166   4.539486    148.573    17.0044   4.542639    211.398    209.167 1.0000e-12    89.7749    35.4778    35.4371      0.977      7.829        248    247.000          1  -33.87937  151.19257  0.000e+00
   17.0167   4.539257    148.486    17.0032   4.543051    211.668    209.470 1.0000e-12    89.6440    35.4779    35.4375      0.958      7.828        249    248.000          1  -33.87941  151.19250  0.000e+00
   17.0149   4.539441    148.599    17.0014   4.543019    211.314    209.751 1.4134e-07    89.5737    35.4776    35.4367      0.951      7.828        250    249.000          1  -33.87945  151.19244  0.000e+00
   17.0129   4.539358    148.604    16.9974   4.543065    211.143    209.525 7.7766e-07    89.5795    35.4791    35.4380      0.938      7.827        251    250.000          1  -33.87949  151.19237  0.000e+00
   17.0115   4.539203    148.283    17.0013   4.543102    211.277    209.566 2.0916e-06    89.5627    35.4794    35.4393      0.956      7.827        252    251.000          1  -33.87954  151.19230  0.000e+00
   17.0085   4.539282    148.185    17.0030   4.543132    211.028    209.306 1.1864e-06    89.3905    35.4797    35.4398      0.952      7.826        253    252.000          1  -33.87958  151.19223  0.000e+00
   17.0090   4.539209    148.254    17.0098   4.543170    210.599    209.255 2.4357e-06    89.4538    35.4803    35.4411      0.951      7.826        254    253.000          1  -33.87962  151.19217  0.000e+00
   17.0175   4.539300    148.030    17.0060   4.542753    210.728    209.019 1.0000e-12    89.3421    35.4803    35.4420      0.944      7.827        255    254.000          1  -33.87966  151.19210  0.000e+00
   17.0167   4.539750    148.104    17.0087   4.542501    210.778    208.976 1.4853e-06    89.4978    35.4801    35.4418      0.937      7.827        256    255.000          1  -33.87971  151.19203  0.000e+00
   17.0148   4.539888    148.007    17.0108   4.542466    210.701    209.065 1.0000e-12    89.4421    35.4789    35.4422      0.941      7.829        257    256.000          1  -33.87975  151.19196  0.000e+00
   17.0106   4.539987    147.953    17.0147   4.542273    211.002    209.067 3.0492e-07    89.2708    35.4783    35.4421      0.952      7.829        258    257.000          1  -33.87979  151.19190  0.000e+00
   17.0107   4.540101    147.961    17.0187   4.542273    211.188    209.351 5.8283e-07    89.2727    35.4790    35.4431      0.958      7.829        259    258.000          1  -33.87983  151.19183  0.000e+00
   17.0114   4.540420    148.031    17.0206   4.542384    211.093    209.033 1.0000e-12    89.3929    35.4788    35.4431      0.980      7.829        260    259.000          1  -33.87988  151.19176  0.000e+00
   17.0049   4.540140    148.289    17.0272   4.542638    211.033    208.887 2.1766e-06    89.4273    35.4769    35.4438      0.979      7.829        261    260.000          1  -33.87992  151.19169  0.000e+00
   17.0041   4.540269    148.211    17.0258   4.542369    210.825    208.997 3.3943e-06    89.3031    35.4779    35.4440      0.982      7.829        262    261.000          1  -33.87996  151.19163  0.000e+00
   17.0057   4.540351    148.238    17.0307   4.542196    210.521    208.734 1.7432e-06    89.3266    35.4778    35.4449      0.982      7.829        263    262.000          1  -33.88000  151.19156  0.000e+00
   17.0096   4.540401    148.335    17.0292   4.542175    210.536    208.472 1.3814e-06    89.3401    35.4760    35.4449      0.986      7.832        264    263.000          1  -33.88005  151.19149  0.000e+00
   17.0103   4.540730    148.282    17.0309   4.542040    211.018    208.717 1.0000e-12    89.1958    35.4749    35.4474      0.966      7.831        265    264.000          1  -33.88009  151.19142  0.000e+00
   17.0090   4.540536    148.154    17.0305   4.541822    210.866    208.842 1.2089e-06    89.3645    35.4762    35.4493      0.976      7.831        266    265.000          1  -33.88013  151.19136  0.000e+00
   17.0070   4.540584    148.118    17.0327   4.542089    211.062    208.698 2.1368e-06    89.2811    35.4764    35.4492      0.976      7.832        267    266.000          1  -33.88017  151.19129  0.000e+00
   17.0077   4.540823    148.232    17.0264   4.541943    211.350    208.752 3.7691e-06    89.3165    35.4758    35.4500      0.986      7.831        268    267.000          1  -33.88022  151.19122  0.000e+00
   17.0093   4.540786    148.225    17.0306   4.541986    211.749    208.718 2.0559e-06    89.2328    35.4756    35.4494      0.990      7.830        269    268.000          1  -33.88026  151.19115  0.000e+00
   17.0077   4.540732    148.065    17.0352   4.541773    211.623    208.373 7.9857e-07    89.0229    35.4756    35.4499      1.010      7.832        270    269.000          1  -33.88030  151.19109  0.000e+00
   17.0093   4.540828    147.878    17.0326   4.541709    211.561    208.002 2.0736e-06    88.9529    35.4737    35.4496      1.003      7.832        271    270.000          1  -33.88035  151.19102  0.000e+00
   17.0154   4.540741    147.946    17.0330   4.541681    211.673    207.665 1.6752e-06    88.8309    35.4733    35.4499      0.997      7.831        272    271.000          1  -33.88039  151.19095  0.000e+00
   17.0138   4.540526    147.877    17.0357   4.541332    211.520    207.432 3.2719e-06    88.8904    35.4730    35.4507      1.004      7.833        273    272.000          1  -33.88043  151.19088  0.000e+00
   17.0131   4.540426    147.837    17.0378   4.541484    211.547    206.983 4.4685e-06    88.8625    35.4736    35.4513      1.016      7.833        274    273.000          1  -33.88047  151.19082  0.000e+00
   17.0152   4.540194    147.873    17.0392   4.541455    211.120    206.845 1.0000e-12    88.8462    35.4723    35.4500      1.028      7.833        275    274.000          1  -33.88052  151.19075  0.000e+00
   17.0182   4.540145    147.707    17.0414   4.541698    210.891    206.656 1.1882e-06    88.7528    35.4717    35.4503      1.040      7.834        276    275.000          1  -33.88056  151.19068  0.000e+00
   17.0176   4.539895    147.774    17.0414   4.541831    210.922    206.581 1.0000e-12    88.6592    35.4741    35.4503      1.029      7.835        277    276.000          1  -33.88060  151.19061  0.000e+00
   17.0213   4.539860    147.673    17.0394   4.541491    210.829    206.497 3.9281e-06    88.5902    35.4722    35.4507      1.028      7.834        278    277.000          1  -33.88064  151.19055  0.000e+00
   17.0197   4.539884    147.791    17.0416   4.541361    210.975    206.458 9.7845e-07    88.5749    35.4728    35.4518      1.033      7.834        279    278.000          1  -33.88069  151.19048  0.000e+00
   17.0223   4.539774    147.658    17.0429   4.541341    210.678    206.235 1.8311e-06    88.6956    35.4748    35.4524      1.062      7.833        280    279.000          1  -33.88073  151.19041  0.000e+00
   17.0204   4.539983    147.741    17.0434   4.541389    210.501    206.390 1.4557e-06    88.4689    35.4735    35.4508      1.041      7.833        281    280.000          1  -33.88077  151.19034  0.000e+00
   17.0185   4.539898    147.831    17.0460   4.541358    210.389    206.201 8.8910e-07    88.6232    35.4738    35.4508      1.050      7.834        282    281.000          1  -33.88081  151.19028  0.000e+00
   17.0225   4.540447    147.942    17.0420   4.541561    210.506    206.169 1.3524e-06    88.6952    35.4741    35.4496      1.053      7.834        283    282.000          1  -33.88086  151.19021  0.000e+00
   17.0229   4.540655    147.970    17.0413   4.541808    210.504    206.322 1.0000e-12    88.6959    35.4741    35.4505      1.058      7.834        284    283.000          1  -33.88090  151.19014  0.000e+00
   17.0222   4.540673    148.047    17.0416   4.542390    210.258    206.539 1.6779e-06    88.7495    35.4759    35.4505      1.052      7.834        285    284.000          1  -33.88094  151.19007  0.000e+00
   17.0261   4.540971    148.142    17.0374   4.542083    210.285    206.316 1.0000e-12    88.6336    35.4766    35.4504      1.064      7.835        286    285.000          1  -33.88098  151.19001  0.000e+00
   17.0267   4.540921    148.003    17.0331   4.541957    210.346    206.228 1.0000e-12    88.7688    35.4755    35.4497      1.062      7.836        287    286.000          1  -33.88103  151.18994  0.000e+00
   17.0294   4.540929    148.101    17.0350   4.541995    210.299    206.239 7.5914e-07    88.7479    35.4742    35.4483      1.067      7.836        288    287.000          1  -33.88107  151.18987  0.000e+00
   17.0274   4.541101    147.582    17.0334   4.542352    210.149    206.750 2.1670e-06    88.7357    35.4762    35.4481      1.075      7.835        289    288.000          1  -33.88111  151.18981  0.000e+00
   17.0249   4.540718    147.374    17.0361   4.542789    210.596    206.887 2.8491e-07    88.7772    35.4761    35.4489      1.071      7.836        290    289.000          1  -33.88115  151.18974  0.000e+00
   17.0267   4.540523    147.425    17.0332   4.543010    210.648    206.981 1.1036e-06    88.9337    35.4756    35.4494      1.078      7.837        291    290.000          1  -33.88120  151.18967  0.000e+00
   17.0290   4.540431    147.270    17.0390   4.543439    210.755    206.587 1.8119e-06    88.9429    35.4750    35.4494      1.082      7.836        292    291.000          1  -33.88124  151.18960  0.000e+00
   17.0297   4.540308    146.891    17.0377   4.543573    211.090    206.457 1.2543e-06    88.8721    35.4752    35.4497      1.081      7.835        293    292.000          1  -33.88128  151.18954  0.000e+00
   17.0323   4.540231    146.840    17.0349   4.543482    211.307    206.860 2.3424e-06    88.8044    35.4744    35.4488      1.077      7.836        294    293.000          1  -33.88133  151.18947  0.000e+00
   17.0285   4.540045    146.872    17.0305   4.543630    211.533    206.827 4.7569e-06    88.8291    35.4750    35.4494      1.075      7.837        295    294.000          1  -33.88137  151.18940  0.000e+00
   17.0271   4.540182    146.815    17.0231   4.543496    211.446    206.471 6.3390e-06    88.9825    35.4743    35.4500      1.077      7.837        296    295.000          1  -33.88141  151.18933  0.000e+00
   17.0308   4.539727    147.038    17.0194   4.543249    211.470    206.247 7.5289e-06    89.0141    35.4738    35.4467      1.070      7.839        297    296.000          1  -33.88145  151.18927  0.000e+00
   17.0337   4.539755    147.407    17.0186   4.543205    211.386    206.603 5.9671e-06    89.1697    35.4753    35.4472      1.061      7.840        298    297.000          1  -33.88150  151.18920  0.000e+00
   17.0314   4.539476    147.254    17.0205   4.543629    211.595    206.903 2.1822e-06    89.0161    35.4752    35.4458      1.067      7.838        299    298.000          1  -33.88154  151.18913  0.000e+00
   17.0316   4.539708    147.203    17.0206   4.543629    211.956    206.558 8.2019e-07    88.9242    35.4738    35.4465      1.058      7.839        300    299.000          1  -33.88158  151.18906  0.000e+00
   17.0340   4.539898    147.170    17.0206   4.543638    212.039    206.488 4.8242e-07    88.9641    35.4753    35.4470      1.056      7.840        301    300.000          1  -33.88162  151.18900  0.000e+00
   17.0353   4.539875    147.133    17.0186   4.543753    211.915    206.191 4.3159e-07    89.0496    35.4731    35.4453      1.077      7.841        302    301.000          1  -33.88167  151.18893  0.000e+00
   17.0378   4.540119    147.131    17.0139   4.543453    212.052    206.334 1.4310e-06    89.2005    35.4723    35.4449      1.105      7.842        303    302.000          1  -33.88171  151.18886  0.000e+00
   17.0374   4.540379    147.457    17.0155   4.543732    211.991    206.294 1.0000e-12    89.1386    35.4735    35.4454      1.116      7.841        304    303.000          1  -33.88175  151.18879  0.000e+00
   17.0374   4.540611    147.494    17.0125   4.543657    212.183    206.378 6.1752e-07    89.1398    35.4729    35.4458      1.099      7.841        305    304.000          1  -33.88179  151.18873  0.000e+00
   17.0353   4.540580    147.708    17.0125   4.543232    211.961    206.527 4.0142e-06    89.2008    35.4730    35.4468      1.101      7.842        306    305.000          1  -33.88184  151.18866  0.000e+00
