testdataQC/live_realtime_demo.cnv
* Sea-Bird SBE 9 Data File:
* FileName = testdataQC/live_realtime_demo.hex
* Software Version Seasave V 7.26.7.110
* Temperature SN = 5932
* Conductivity SN = 3168
* Number of Bytes Per Scan = 41
* Number of Voltage Words = 4
* Number of Scans Averaged by the Deck Unit = 1
* NMEA Latitude = 33 52.13 S
* NMEA Longitude = 151 12.56 E
* NMEA UTC (Time) = Oct 08 2025  14:31:53
** Operator: Ella
** CTD config:
** Ship: Investigator
** Cruise: in2020_v09
** Station:  7
** Latitude:
** Longitude:
** Depth:
# nquan = 19
# nvalues = 0
# units = specified
# name 0 = t090C: Temperature [ITS-90, deg C]
# name 1 = c0S/m: Conductivity [S/m]
# name 2 = prDM: Pressure, Digiquartz [db]
# name 3 = t190C: Temperature, 2 [ITS-90, deg C]
# name 4 = c1S/m: Conductivity, 2 [S/m]
# name 5 = sbeox0Mm/L: Oxygen, SBE 43 [umol/l]
# name 6 = sbeox1Mm/L: Oxygen, SBE 43, 2 [umol/l]
# name 7 = par: PAR/Irradiance, Biospherical/Licor [umol photons/m^2/sec]
# name 8 = CStarTr0: Beam Transmission, WET Labs C-Star [%]
# name 9 = sal00: Salinity, Practical [PSU]
# name 10 = sal11: Salinity, Practical, 2 [PSU]
# name 11 = fleco_afl: Fluorescence [mg/m³]
# name 12 = ph: pH
# name 13 = scan: Scan Count
# name 14 = timeS: Time, Elapsed [seconds]
# name 15 = pumps: Pump Status
# name 16 = latitude: Latitude [deg]
# name 17 = longitude: Longitude [deg]
# name 18 = flag: 0.000e+00
# span 0 =      12.3276,      21.6890
# span 1 =     4.055418,     5.027629
# span 2 =        1.956,      292.795
# span 3 =      12.3361,      21.6988
# span 4 =     4.055566,     5.027419
# span 5 =     172.3590,     253.4380
# span 6 =     168.4760,     247.1880
# span 7 =   1.0000e-12,   3.2782e-05
# span 8 =      84.6324,      98.2135
# span 9 =      35.0889,      35.8769
# span 10 =      35.0814,      35.8393
# span 11 =            0,            2
# span 12 =       7.5000,       8.2000
# span 13 =            1,       304611
# span 14 =       0.0000,   12692.0830
# span 15 =       1.0000,       1.0000
# span 16 =  -3.5575e+01,  -3.5206e+01
# span 17 =     154.3095,     154.3313
# span 18 =       0.0000,       0.0000
# interval = seconds: 1.0
# start_time = Oct 08 2025 14:31:53 [System UTC, first data scan.]
# bad_flag = -9.99e-29
*END*
[from data line 154]
   16.9750   4.540631    149.967    17.0401   4.542777    212.242    209.725 2.4645e-05    91.4840    35.4815    35.4573      1.135      7.834        155    154.000          1  -33.87540  151.19884  0.000e+00
   16.9759   4.540376    149.953    17.0414   4.543001    212.081    209.778 2.7844e-05    91.5703    35.4813    35.4569      1.131      7.834        156    155.000          1  -33.87545  151.19878  0.000e+00
   16.9711   4.540115    149.654    17.0389   4.542874    212.168    209.450 2.8678e-05    91.6611    35.4808    35.4569      1.121      7.835        157    156.000          1  -33.87549  151.19871  0.000e+00
   16.9723   4.540292    149.786    17.0386   4.542970    212.316    209.700 3.0583e-05    91.7162    35.4804    35.4590      1.121      7.834        158    157.000          1  -33.87553  151.19864  0.000e+00
   16.9722   4.540484    149.806    17.0367   4.542818    212.738    209.795 2.9388e-05    91.6214    35.4799    35.4586      1.120      7.834        159    158.000          1  -33.87557  151.19857  0.000e+00
   16.9736   4.540419    149.549    17.0396   4.543053    212.512    209.991 3.2042e-05    91.6907    35.4788    35.4577      1.107      7.835        160    159.000          1  -33.87562  151.19851  0.000e+00
   16.9692   4.540585    149.594    17.0408   4.543252    212.504    209.606 3.2746e-05    91.6554    35.4784    35.4565      1.086      7.837        161    160.000          1  -33.87566  151.19844  0.000e+00
   16.9734   4.540723    149.407    17.0427   4.542945    212.679    209.610 3.2418e-05    91.5571    35.4801    35.4551      1.092      7.836        162    161.000          1  -33.87570  151.19837  0.000e+00
   16.9785   4.540465    149.525    17.0388   4.542809    212.837    209.966 3.2660e-05    91.5742    35.4809    35.4551      1.092      7.838        163    162.000          1  -33.87574  151.19830  0.000e+00
   16.9788   4.540240    149.712    17.0357   4.542461    212.592    209.845 3.1467e-05    91.5858    35.4813    35.4541      1.085      7.837        164    163.000          1  -33.87579  151.19824  0.000e+00
   16.9808   4.540172    149.458    17.0367   4.542393    212.637    209.789 3.0974e-05    91.5933    35.4830    35.4545      1.071      7.837        165    164.000          1  -33.87583  151.19817  0.000e+00
   16.9807   4.540219    149.459    17.0371   4.542188    212.862    209.661 1.0000e-12    91.5898    35.4828    35.4548      1.069      7.838        166    165.000          1  -33.87587  151.19810  0.000e+00
   16.9777   4.540022    149.506    17.0352   4.542038    212.609    209.337 2.6203e-07    91.4386    35.4826    35.4564      1.086      7.837        167    166.000          1  -33.87591  151.19803  0.000e+00
   16.9815   4.539940    149.530    17.0374   4.541809    212.597    208.974 4.9176e-07    91.4464    35.4816    35.4558      1.081      7.837        168    167.000          1  -33.87596  151.19797  0.000e+00
   16.9783   4.539828    149.688    17.0360   4.541558    212.501    208.950 1.6614e-06    91.3710    35.4806    35.4555      1.088      7.836        169    168.000          1  -33.87600  151.19790  0.000e+00
   16.9770   4.539815    149.784    17.0305   4.541592    212.542    208.859 1.3673e-06    91.4354    35.4823    35.4542      1.085      7.836        170    169.000          1  -33.87604  151.19783  0.000e+00
   16.9714   4.539894    149.602    17.0304   4.541542    212.380    208.858 1.1294e-07    91.3742    35.4826    35.4528      1.095      7.834        171    170.000          1  -33.87608  151.19776  0.000e+00
   16.9703   4.540216    149.931    17.0300   4.541728    212.857    208.844 2.1623e-06    91.5450    35.4822    35.4524      1.098      7.836        172    171.000          1  -33.87613  151.19770  0.000e+00
   16.9742   4.539727    149.916    17.0255   4.541497    212.700    208.902 6.3513e-07    91.6344    35.4826    35.4532      1.111      7.838        173    172.000          1  -33.87617  151.19763  0.000e+00
   16.9772   4.539821    149.619    17.0240   4.540955    212.567    208.659 5.3181e-07    91.3795    35.4819    35.4527      1.126      7.836        174    173.000          1  -33.87621  151.19756  0.000e+00
   16.9792   4.539748    149.559    17.0269   4.540899    212.315    208.295 1.7942e-06    91.2815    35.4817    35.4528      1.119      7.835        175    174.000          1  -33.87626  151.19750  0.000e+00
   16.9813   4.539224    149.285    17.0270   4.540863    212.727    208.352 2.3212e-06    91.2995    35.4809    35.4513      1.101      7.836        176    175.000          1  -33.87630  151.19743  0.000e+00
   16.9823   4.539220    149.330    17.0275   4.540822    212.562    208.706 3.0243e-06    91.3502    35.4815    35.4512      1.073      7.835        177    176.000          1  -33.87634  151.19736  0.000e+00
   16.9810   4.539068    149.124    17.0238   4.541203    212.441    208.685 1.4751e-07    91.1103    35.4830    35.4501      1.092      7.834        178    177.000          1  -33.87638  151.19729  0.000e+00
   16.9821   4.539233    149.202    17.0269   4.541104    212.812    209.032 2.5168e-06    91.1393    35.4823    35.4502      1.093      7.833        179    178.000          1  -33.87643  151.19723  0.000e+00
   16.9790   4.539041    149.497    17.0285   4.541301    212.932    208.980 6.0401e-06    91.0476    35.4829    35.4487      1.092      7.833        180    179.000          1  -33.87647  151.19716  0.000e+00
   16.9802   4.539083    149.568    17.0266   4.541524    213.355    209.141 4.6398e-06    91.1388    35.4840    35.4490      1.087      7.831        181    180.000          1  -33.87651  151.19709  0.000e+00
   16.9842   4.538878    149.420    17.0284   4.541582    213.162    209.395 1.0000e-12    91.1795    35.4854    35.4487      1.083      7.832        182    181.000          1  -33.87655  151.19702  0.000e+00
   16.9886   4.538899    149.448    17.0262   4.541480    213.431    209.578 2.1842e-07    91.2294    35.4841    35.4501      1.064      7.834        183    182.000          1  -33.87660  151.19696  0.000e+00
   16.9904   4.538817    149.326    17.0285   4.541503    213.216    209.629 1.2457e-06    91.2123    35.4834    35.4496      1.066      7.833        184    183.000          1  -33.87664  151.19689  0.000e+00
   16.9935   4.538688    149.593    17.0249   4.541661    212.977    209.505 2.1938e-06    91.1848    35.4842    35.4500      1.072      7.834        185    184.000          1  -33.87668  151.19682  0.000e+00
   16.9920   4.538887    149.535    17.0217   4.541778    212.738    209.528 3.5777e-06    91.1959    35.4825    35.4485      1.068      7.834        186    185.000          1  -33.87672  151.19675  0.000e+00
   16.9971   4.538835    149.465    17.0179   4.541600    212.828    209.396 4.3251e-06    91.2229    35.4819    35.4482      1.063      7.834        187    186.000          1  -33.87677  151.19669  0.000e+00
   17.0016   4.538926    149.569    17.0161   4.541349    212.957    209.497 2.7302e-06    91.1450    35.4820    35.4491      1.061      7.834        188    187.000          1  -33.87681  151.19662  0.000e+00
   17.0048   4.538981    149.685    17.0163   4.541192    212.655    209.797 3.8891e-06    91.0351    35.4825    35.4483      1.049      7.834        189    188.000          1  -33.87685  151.19655  0.000e+00
   16.9991   4.538758    149.733    17.0151   4.541035    212.348    209.949 3.1320e-06    91.0328    35.4825    35.4479      1.033      7.833        190    189.000          1  -33.87689  151.19648  0.000e+00
   17.0042   4.538584    149.674    17.0143   4.541110    212.455    209.878 4.6584e-06    91.0959    35.4818    35.4488      1.025      7.834        191    190.000          1  -33.87694  151.19642  0.000e+00
   17.0030   4.538629    149.640    17.0195   4.541380    212.549    210.080 5.3569e-06    91.1365    35.4824    35.4467      1.057      7.833        192    191.000          1  -33.87698  151.19635  0.000e+00
   17.0003   4.538906    149.782    17.0160   4.541614    212.305    209.894 7.1404e-06    91.1686    35.4828    35.4467      1.055      7.831        193    192.000          1  -33.87702  151.19628  0.000e+00
   17.0004   4.538977    149.524    17.0163   4.541587    212.364    209.840 5.6170e-06    91.0783    35.4819    35.4470      1.046      7.830        194    193.000          1  -33.87706  151.19621  0.000e+00
   17.0035   4.538845    149.372    17.0129   4.541577    212.155    209.497 5.3040e-06    91.0027    35.4811    35.4461      1.047      7.831        195    194.000          1  -33.87711  151.19615  0.000e+00
   16.9986   4.538942    149.197    17.0131   4.541444    212.039    209.621 4.2217e-06    91.0546    35.4825    35.4482      1.040      7.831        196    195.000          1  -33.87715  151.19608  0.000e+00
   16.9973   4.539089    149.203    17.0099   4.541298    211.598    209.876 6.7198e-06    91.0852    35.4810    35.4466      1.034      7.829        197    196.000          1  -33.87719  151.19601  0.000e+00
   16.9984   4.539145    149.104    17.0118   4.541210    211.487    209.634 3.9954e-06    91.1644    35.4813    35.4481      1.036      7.830        198    197.000          1  -33.87724  151.19594  0.000e+00
   17.0029   4.539351    149.121    17.0092   4.540878    211.354    209.645 1.4604e-06    91.1129    35.4806    35.4477      1.031      7.828        199    198.000          1  -33.87728  151.19588  0.000e+00
   16.9991   4.539318    148.913    17.0159   4.541040    211.361    209.604 1.0000e-12    91.2082    35.4824    35.4461      1.021      7.828        200    199.000          1  -33.87732  151.19581  0.000e+00
   16.9921   4.539560    148.800    17.0152   4.540913    211.222    209.741 1.6059e-06    91.3564    35.4827    35.4452      1.009      7.827        201    200.000          1  -33.87736  151.19574  0.000e+00
   16.9956   4.539781    148.762    17.0170   4.540978    211.279    209.831 1.0000e-12    91.2542    35.4816    35.4446      1.001      7.826        202    201.000          1  -33.87741  151.19567  0.000e+00
   16.9953   4.539542    148.698    17.0152   4.540875    211.459    209.852 1.8332e-06    91.1968    35.4805    35.4437      0.998      7.825        203    202.000          1  -33.87745  151.19561  0.000e+00
   16.9989   4.539495    148.376    17.0126   4.540989    211.489    209.921 2.0528e-06    91.2655    35.4804    35.4432      0.984      7.824        204    203.000          1  -33.87749  151.19554  0.000e+00
   17.0026   4.539427    148.550    17.0138   4.540915    211.762    210.232 4.5088e-06    91.3245    35.4841    35.4440      0.974      7.824        205    204.000          1  -33.87753  151.19547  0.000e+00
   17.0070   4.538807    148.398    17.0150   4.541229    211.859    210.385 2.3186e-06    91.3234    35.4841    35.4433      0.976      7.825        206    205.000          1  -33.87758  151.19540  0.000e+00
   17.0103   4.538798    148.100    17.0061   4.541151    212.271    210.263 3.1321e-06    91.3547    35.4842    35.4432      0.965      7.825        207    206.000          1  -33.87762  151.19534  0.000e+00
   17.0074   4.538844    148.434    17.0088   4.541252    211.909    210.410 3.0986e-06    91.3502    35.4837    35.4415      0.977      7.825        208    207.000          1  -33.87766  151.19527  0.000e+00
   17.0072   4.538978    148.395    17.0089   4.541522    211.600    210.023 2.8094e-06    91.2663    35.4830    35.4428      0.983      7.824        209    208.000          1  -33.87770  151.19520  0.000e+00
   17.0176   4.538916    148.534    17.0073   4.541655    211.452    210.091 4.4931e-06    91.3202    35.4834    35.4436      0.984      7.825        210    209.000          1  -33.87775  151.19513  0.000e+00
   17.0205   4.539235    148.511    17.0104   4.541771    211.509    210.259 5.4408e-06    91.5415    35.4826    35.4446      0.973      7.823        211    210.000          1  -33.87779  151.19507  0.000e+00
   17.0184   4.539289    148.433    17.0093   4.541736    211.274    210.240 5.9584e-06    91.5558    35.4822    35.4453      0.973      7.823        212    211.000          1  -33.87783  151.19500  0.000e+00
   17.0150   4.539259    148.514    17.0120   4.541618    210.739    210.556 6.2051e-06    91.6259    35.4819    35.4421      0.967      7.824        213    212.000          1  -33.87787  151.19493  0.000e+00
   17.0135   4.539173    148.532    17.0123   4.541857    210.823    210.333 6.0333e-06    91.4624    35.4833    35.4419      0.953      7.824        214    213.000          1  -33.87792  151.19486  0.000e+00
   17.0180   4.539408    148.632    17.0108   4.541791    210.872    209.965 8.7771e-06    91.3935    35.4831    35.4403      0.964      7.826        215    214.000          1  -33.87796  151.19480  0.000e+00
   17.0158   4.539723    148.523    17.0066   4.542003    210.548    210.122 6.5011e-06    91.1614    35.4829    35.4397      0.975      7.826        216    215.000          1  -33.87800  151.19473  0.000e+00
   17.0119   4.539819    148.582    17.0079   4.541856    210.735    210.217 6.5877e-06    91.0246    35.4828    35.4405      0.972      7.826        217    216.000          1  -33.87804  151.19466  0.000e+00
   17.0146   4.539687    148.425    17.0108   4.541749    211.017    209.927 5.7926e-06    90.9853    35.4827    35.4406      0.954      7.826        218    217.000          1  -33.87809  151.19459  0.000e+00
   17.0195   4.539838    148.472    17.0061   4.541830    211.095    209.990 6.1092e-06    90.8983    35.4837    35.4403      0.950      7.828        219    218.000          1  -33.87813  151.19453  0.000e+00
   17.0216   4.539950    148.551    17.0060   4.541828    211.188    209.970 8.5774e-06    90.8805    35.4841    35.4391      0.960      7.827        220    219.000          1  -33.87817  151.19446  0.000e+00
   17.0215   4.539634    148.673    17.0004   4.541618    211.450    209.883 4.9627e-06    90.9359    35.4850    35.4390      0.969      7.830        221    220.000          1  -33.87822  151.19439  0.000e+00
   17.0218   4.539571    148.337    16.9984   4.541791    211.085    210.199 3.3433e-06    90.8326    35.4852    35.4392      0.962      7.829        222    221.000          1  -33.87826  151.19432  0.000e+00
   17.0249   4.539384    148.425    17.0004   4.541728    210.718    210.194 1.8835e-06    90.8894    35.4846    35.4394      0.969      7.828        223    222.000          1  -33.87830  151.19426  0.000e+00
   17.0235   4.539206    148.416    17.0090   4.541730    210.743    210.192 2.2554e-07    90.7466    35.4830    35.4404      0.953      7.828        224    223.000          1  -33.87834  151.19419  0.000e+00
   17.0164   4.538975    148.324    17.0122   4.541816    210.643    209.988 2.3680e-07    90.7998    35.4824    35.4392      0.953      7.827        225    224.000          1  -33.87839  151.19412  0.000e+00
   17.0139   4.538899    148.375    17.0110   4.541826    210.416    209.884 2.0756e-06    90.8949    35.4848    35.4409      0.936      7.828        226    225.000          1  -33.87843  151.19405  0.000e+00
   17.0173   4.538627    148.298    17.0134   4.541927    210.591    209.935 3.1593e-06    90.7632    35.4835    35.4410      0.935      7.828        227    226.000          1  -33.87847  151.19399  0.000e+00
   17.0168   4.538901    148.463    17.0170   4.542162    210.366    209.683 6.8423e-06    90.7685    35.4841    35.4407      0.935      7.827        228    227.000          1  -33.87851  151.19392  0.000e+00
   17.0222   4.539001    148.457    17.0210   4.542129    210.184    209.671 7.3274e-06    90.7047    35.4835    35.4398      0.934      7.826        229    228.000          1  -33.87856  151.19385  0.000e+00
