testdataQC/live_realtime_demo.cnv
* Sea-Bird SBE 9 Data File:
* FileName = testdataQC/live_realtime_demo.hex
* Software Version Seasave V 7.26.7.110
* Temperature SN = 5932
* Conductivity SN = 3168
* Number of Bytes Per Scan = 41
* Number of Voltage Words = 4
* Number of Scans Averaged by the Deck Unit = 1
* NMEA Latitude = 33 52.13 S
* NMEA Longitude = 151 12.56 E
* NMEA UTC (Time) = Oct 07 2025  03:55:58
** Operator: Ella
** CTD config:
** Ship: Investigator
** Cruise: in2020_v09
** Station:  7
** Latitude:
** Longitude:
** Depth:
# nquan = 17
# nvalues = 0
# units = specified
# name 0 = t090C: Temperature [ITS-90, deg C]
# name 1 = c0S/m: Conductivity [S/m]
# name 2 = prDM: Pressure, Digiquartz [db]
# name 3 = t190C: Temperature, 2 [ITS-90, deg C]
# name 4 = c1S/m: Conductivity, 2 [S/m]
# name 5 = sbeox0Mm/L: Oxygen, SBE 43 [umol/l]
# name 6 = sbeox1Mm/L: Oxygen, SBE 43, 2 [umol/l]
# name 7 = par: PAR/Irradiance, Biospherical/Licor [umol photons/m^2/sec]
# name 8 = CStarTr0: Beam Transmission, WET Labs C-Star [%]
# name 9 = sal00: Salinity, Practical [PSU]
# name 10 = sal11: Salinity, Practical, 2 [PSU]
# name 11 = scan: Scan Count
# name 12 = timeS: Time, Elapsed [seconds]
# name 13 = pumps: Pump Status
# name 14 = latitude: Latitude [deg]
# name 15 = longitude: Longitude [deg]
# name 16 = flag: 0.000e+00
# span 0 =      12.3276,      21.6890
# span 1 =     4.055418,     5.027629
# span 2 =        1.956,      292.795
# span 3 =      12.3361,      21.6988
# span 4 =     4.055566,     5.027419
# span 5 =     172.3590,     253.4380
# span 6 =     168.4760,     247.1880
# span 7 =   1.0000e-12,   3.2782e-05
# span 8 =      84.6324,      98.2135
# span 9 =      35.0889,      35.8769
# span 10 =      35.0814,      35.8393
# span 11 =            1,       304611
# span 12 =       0.0000,   12692.0830
# span 13 =            1,            1
# span 14 =     -35.5746,     -35.2062
# span 15 =     154.3095,     154.3313
# span 16 =   0.0000e+00,   0.0000e+00
# interval = seconds: 1.0
# start_time = Oct 07 2025 03:55:58 [System UTC, first data scan.]
# bad_flag = -9.99e-29
*END*
[from data line 3081]
   16.9446   4.540986    141.279    16.9887   4.548149    218.760    212.041 1.0000e-12    90.2300    35.4824    35.4640        412    411.000          1  -33.88635  151.18151  0.000e+00
   16.9366   4.534007    153.264    17.0724   4.541191    214.277    215.695 3.8461e-06    92.6002    35.4849    35.5178        909    908.000          1  -33.90753  151.14798  0.000e+00
   17.0050   4.540429    143.171    17.1223   4.534409    212.968    205.286 3.3604e-06    89.7109    35.4428    35.4501        997    996.000          1  -33.91127  151.14205  0.000e+00
   17.0102   4.541535    146.182    17.0739   4.545533    212.043    202.551 1.0000e-12    88.1154    35.4759    35.4425        666    665.000          1  -33.89717  151.16437  0.000e+00
   16.9644   4.537046    144.452    16.9329   4.534009    204.010    206.220 3.1552e-06    96.0534    35.4673    35.4682       2509   2508.000          1  -33.97569  151.04005  0.000e+00
   16.9176   4.541627    145.122    17.0899   4.536753    206.422    204.635 1.1208e-06    89.1430    35.4843    35.4632        555    554.000          1  -33.89244  151.17186  0.000e+00
   17.0159   4.535620    142.370    17.0803   4.531368    200.045    206.091 3.4936e-07    86.8754    35.4179    35.4825       1168   1167.000          1  -33.91856  151.13051  0.000e+00
   16.9027   4.544085    151.336    17.0054   4.538059    212.530    211.555 2.9077e-06    92.1898    35.5057    35.4527        387    386.000          1  -33.88529  151.18319  0.000e+00
   16.9449   4.541098    141.255    16.9919   4.548348    219.344    211.817 2.5653e-06    90.1330    35.4834    35.4657        413    412.000          1  -33.88639  151.18144  0.000e+00
   16.9349   4.534160    153.211    17.0741   4.540974    213.950    215.589 3.6282e-06    92.5737    35.4864    35.5187        910    909.000          1  -33.90757  151.14791  0.000e+00
   17.0085   4.540735    143.082    17.1238   4.534281    212.975    205.009 4.0735e-06    89.5845    35.4449    35.4480        998    997.000          1  -33.91132  151.14198  0.000e+00
   17.0069   4.541398    146.348    17.0754   4.545539    212.156    202.572 8.0980e-07    88.0901    35.4757    35.4430        667    666.000          1  -33.89722  151.16431  0.000e+00
   16.9646   4.537013    144.763    16.9361   4.533997    203.771    206.306 1.2084e-07    96.2310    35.4671    35.4674       2510   2509.000          1  -33.97573  151.03998  0.000e+00
   16.9189   4.541449    144.785    17.0914   4.537279    206.500    204.801 1.5975e-06    89.0271    35.4834    35.4640        556    555.000          1  -33.89249  151.17179  0.000e+00
   17.0147   4.535715    142.148    17.0760   4.531307    199.850    205.904 5.0543e-07    86.9470    35.4190    35.4841       1169   1168.000          1  -33.91860  151.13044  0.000e+00
   16.9009   4.544014    151.630    17.0049   4.538284    212.528    211.751 1.4820e-06    92.0995    35.5044    35.4520        388    387.000          1  -33.88533  151.18313  0.000e+00
   16.9428   4.541039    141.023    16.9898   4.548432    219.257    211.656 4.6282e-06    90.0473    35.4820    35.4654        414    413.000          1  -33.88644  151.18137  0.000e+00
   16.9400   4.533744    153.368    17.0729   4.540771    213.968    215.454 1.0000e-12    92.5626    35.4873    35.5176        911    910.000          1  -33.90761  151.14785  0.000e+00
   17.0090   4.540503    142.643    17.1232   4.534179    212.867    205.148 5.0868e-06    89.6082    35.4433    35.4481        999    998.000          1  -33.91136  151.14191  0.000e+00
   17.0070   4.541049    146.212    17.0760   4.545510    211.896    202.655 2.0709e-06    88.1159    35.4747    35.4448        668    667.000          1  -33.89726  151.16424  0.000e+00
   16.9688   4.536646    144.830    16.9391   4.534389    203.919    206.473 2.1635e-06    96.3244    35.4684    35.4683       2511   2510.000          1  -33.97577  151.03992  0.000e+00
   16.9164   4.541326    144.603    17.0884   4.537094    206.251    204.994 3.0125e-06    89.2748    35.4817    35.4646        557    556.000          1  -33.89253  151.17173  0.000e+00
   17.0131   4.535572    142.073    17.0723   4.531490    199.714    205.982 1.4589e-06    87.1914    35.4188    35.4843       1170   1169.000          1  -33.91864  151.13038  0.000e+00
   16.9019   4.544108    151.498    17.0042   4.538151    212.608    211.783 1.8152e-06    92.0257    35.5045    35.4496        389    388.000          1  -33.88537  151.18306  0.000e+00
   16.9404   4.541051    141.130    16.9876   4.548565    219.131    211.711 1.0000e-12    89.9744    35.4811    35.4644        415    414.000          1  -33.88648  151.18131  0.000e+00
   16.9396   4.533716    153.465    17.0754   4.540866    213.843    215.550 1.0000e-12    92.4080    35.4878    35.5170        912    911.000          1  -33.90765  151.14778  0.000e+00
   17.0133   4.540506    142.447    17.1256   4.534315    212.821    205.105 1.0000e-12    89.6684    35.4431    35.4470       1000    999.000          1  -33.91140  151.14184  0.000e+00
   17.0092   4.540802    146.098    17.0786   4.545372    211.824    202.530 4.0178e-06    88.1054    35.4738    35.4449        669    668.000          1  -33.89730  151.16417  0.000e+00
   16.9708   4.536542    144.830    16.9386   4.534423    204.127    206.724 4.4069e-07    96.4019    35.4701    35.4683       2512   2511.000          1  -33.97582  151.03985  0.000e+00
   16.9152   4.541178    144.710    17.0868   4.536798    206.362    204.342 5.0399e-06    88.9745    35.4812    35.4649        558    557.000          1  -33.89257  151.17166  0.000e+00
   17.0131   4.535385    142.083    17.0737   4.531660    199.466    206.091 2.5288e-06    87.1648    35.4181    35.4836       1171   1170.000          1  -33.91869  151.13031  0.000e+00
   16.9016   4.544226    151.558    16.9992   4.538842    212.450    211.818 1.5998e-06    92.0998    35.5044    35.4508        390    389.000          1  -33.88541  151.18299  0.000e+00
   16.9363   4.541124    141.191    16.9882   4.548524    219.317    211.545 2.9022e-07    90.0197    35.4804    35.4637        416    415.000          1  -33.88652  151.18124  0.000e+00
   16.9396   4.533704    153.449    17.0750   4.540927    213.946    215.419 2.4963e-06    92.3570    35.4880    35.5165        913    912.000          1  -33.90770  151.14771  0.000e+00
   17.0123   4.540454    142.657    17.1264   4.534246    212.776    204.764 1.9197e-06    89.8632    35.4417    35.4465       1001   1000.000          1  -33.91144  151.14178  0.000e+00
   17.0100   4.541137    146.002    17.0736   4.545408    212.144    202.514 4.9441e-06    88.0451    35.4740    35.4452        670    669.000          1  -33.89734  151.16410  0.000e+00
   16.9728   4.536432    145.223    16.9389   4.534269    204.322    206.587 9.9735e-07    96.4027    35.4713    35.4688       2513   2512.000          1  -33.97586  151.03978  0.000e+00
   16.9181   4.541165    144.495    17.0836   4.536611    206.417    204.159 5.9747e-06    89.0485    35.4815    35.4659        559    558.000          1  -33.89261  151.17159  0.000e+00
   17.0128   4.535506    142.238    17.0801   4.531499    199.236    205.887 1.1278e-07    87.3059    35.4182    35.4831       1172   1171.000          1  -33.91873  151.13024  0.000e+00
   16.8980   4.544410    151.577    17.0047   4.538761    211.979    211.854 9.7742e-07    92.2220    35.5065    35.4508        391    390.000          1  -33.88546  151.18292  0.000e+00
   16.9358   4.540876    141.113    16.9924   4.548456    218.683    211.510 1.0366e-06    89.9191    35.4823    35.4640        417    416.000          1  -33.88657  151.18117  0.000e+00
   16.9411   4.533615    153.756    17.0718   4.540949    213.878    215.490 2.9188e-06    92.3749    35.4870    35.5173        914    913.000          1  -33.90774  151.14764  0.000e+00
   17.0108   4.540549    142.868    17.1261   4.534452    213.090    204.856 1.9548e-06    89.9419    35.4414    35.4445       1002   1001.000          1  -33.91149  151.14171  0.000e+00
   17.0129   4.541038    145.808    17.0739   4.545580    211.791    202.893 4.4496e-06    87.9462    35.4735    35.4443        671    670.000          1  -33.89739  151.16404  0.000e+00
   16.9660   4.536297    145.110    16.9402   4.534448    203.997    206.461 1.3128e-06    96.5161    35.4722    35.4678       2514   2513.000          1  -33.97590  151.03971  0.000e+00
   16.9219   4.541045    144.747    17.0855   4.536602    206.141    204.204 5.4173e-06    88.9426    35.4809    35.4671        560    559.000          1  -33.89266  151.17152  0.000e+00
   17.0122   4.535161    141.998    17.0783   4.531747    199.034    205.799 1.2916e-07    87.2708    35.4186    35.4826       1173   1172.000          1  -33.91877  151.13017  0.000e+00
   16.8947   4.544523    151.596    17.0024   4.538563    211.629    212.011 4.1688e-06    92.2650    35.5070    35.4520        392    391.000          1  -33.88550  151.18286  0.000e+00
   16.9391   4.540683    140.918    16.9933   4.548929    219.013    211.676 1.5706e-06    89.9460    35.4820    35.4634        418    417.000          1  -33.88661  151.18110  0.000e+00
   16.9404   4.533605    153.703    17.0705   4.541042    213.958    215.532 8.5722e-07    92.3835    35.4875    35.5172        915    914.000          1  -33.90778  151.14758  0.000e+00
   17.0115   4.540746    142.653    17.1248   4.534623    213.143    204.976 1.0000e-12    89.8808    35.4422    35.4456       1003   1002.000          1  -33.91153  151.14164  0.000e+00
   17.0126   4.541026    145.904    17.0802   4.545751    212.229    203.094 1.0000e-12    88.0694    35.4732    35.4445        672    671.000          1  -33.89743  151.16397  0.000e+00
   16.9673   4.536194    145.285    16.9371   4.534634    203.751    205.887 2.9929e-07    96.3226    35.4710    35.4685       2515   2514.000          1  -33.97594  151.03965  0.000e+00
   16.9180   4.541404    144.794    17.0912   4.536155    206.253    204.226 8.0197e-06    88.9142    35.4801    35.4680        561    560.000          1  -33.89270  151.17146  0.000e+00
   17.0083   4.535244    142.018    17.0782   4.531685    198.991    206.088 3.2046e-06    87.1429    35.4183    35.4823       1174   1173.000          1  -33.91882  151.13011  0.000e+00
   16.8969   4.544137    151.563    17.0038   4.538540    211.684    212.275 4.6791e-06    92.3051    35.5060    35.4531        393    392.000          1  -33.88554  151.18279  0.000e+00
   16.9395   4.540874    141.089    16.9930   4.549263    218.936    211.523 1.1127e-06    89.8735    35.4828    35.4631        419    418.000          1  -33.88665  151.18104  0.000e+00
   16.9387   4.533221    153.466    17.0781   4.540808    214.136    215.783 2.2912e-07    92.2304    35.4872    35.5155        916    915.000          1  -33.90782  151.14751  0.000e+00
   17.0156   4.540956    142.680    17.1215   4.534995    213.385    205.017 2.9864e-07    89.7780    35.4428    35.4468       1004   1003.000          1  -33.91157  151.14157  0.000e+00
   17.0152   4.541145    145.828    17.0833   4.545654    212.182    203.300 1.0000e-12    87.8657    35.4712    35.4446        673    672.000          1  -33.89747  151.16390  0.000e+00
   16.9675   4.536082    145.396    16.9448   4.534351    203.742    205.848 1.6670e-06    96.2292    35.4702    35.4695       2516   2515.000          1  -33.97599  151.03958  0.000e+00
   16.9188   4.541634    144.771    17.0969   4.536139    206.566    204.081 4.9193e-06    88.9165    35.4799    35.4681        562    561.000          1  -33.89274  151.17139  0.000e+00
   17.0053   4.535599    141.794    17.0774   4.531715    199.191    206.485 1.0000e-12    87.0700    35.4186    35.4835       1175   1174.000          1  -33.91886  151.13004  0.000e+00
   16.8979   4.544291    151.622    17.0061   4.538554    211.565    212.142 1.5392e-06    92.0468    35.5063    35.4533        394    393.000          1  -33.88559  151.18272  0.000e+00
   16.9423   4.540885    141.151    16.9977   4.549320    218.969    211.363 3.5338e-07    89.8493    35.4835    35.4632        420    419.000          1  -33.88669  151.18097  0.000e+00
   16.9388   4.533629    153.452    17.0778   4.540657    213.988    215.772 1.0000e-12    92.4607    35.4862    35.5159        917    916.000          1  -33.90787  151.14744  0.000e+00
   17.0186   4.540826    142.705    17.1246   4.534990    213.333    205.473 6.2343e-07    89.9591    35.4421    35.4488       1005   1004.000          1  -33.91162  151.14151  0.000e+00
   17.0144   4.541259    145.914    17.0831   4.545543    212.511    203.345 9.5115e-07    87.8276    35.4719    35.4439        674    673.000          1  -33.89751  151.16383  0.000e+00
   16.9613   4.536079    145.425    16.9418   4.534348    203.919    205.674 1.0000e-12    96.1897    35.4694    35.4694       2517   2516.000          1  -33.97603  151.03951  0.000e+00
   16.9172   4.541656    144.686    17.0943   4.536381    206.470    204.133 3.7852e-06    88.9783    35.4803    35.4680        563    562.000          1  -33.89279  151.17132  0.000e+00
   17.0019   4.535780    141.812    17.0708   4.531889    199.119    206.599 3.4779e-07    87.1541    35.4187    35.4835       1176   1175.000          1  -33.91890  151.12997  0.000e+00
   16.9009   4.544282    151.638    17.0107   4.538604    211.195    212.050 8.1600e-07    91.9864    35.5071    35.4521        395    394.000          1  -33.88563  151.18265  0.000e+00
   16.9428   4.540806    141.272    17.0006   4.549009    218.803    211.338 3.5583e-06    89.9267    35.4835    35.4641        421    420.000          1  -33.88674  151.18090  0.000e+00
   16.9401   4.533626    153.580    17.0818   4.540481    214.151    215.994 2.1435e-06    92.4031    35.4859    35.5174        918    917.000          1  -33.90791  151.14737  0.000e+00
   17.0199   4.540924    142.678    17.1259   4.534729    212.980    205.378 1.0876e-06    90.0845    35.4420    35.4472       1006   1005.000          1  -33.91166  151.14144  0.000e+00
   17.0100   4.541504    145.610    17.0869   4.546016    212.357    203.338 1.1246e-09    87.7183    35.4725    35.4434        675    674.000          1  -33.89756  151.16377  0.000e+00
   16.9639   4.536447    145.597    16.9376   4.534364    203.895    205.903 3.2952e-06    96.0061    35.4694    35.4686       2518   2517.000          1  -33.97607  151.03944  0.000e+00
   16.9229   4.541723    144.613    17.0983   4.536619    206.432    204.011 5.8828e-06    89.0697    35.4797    35.4695        564    563.000          1  -33.89283  151.17125  0.000e+00
   16.9941   4.535718    141.816    17.0703   4.532309    199.335    206.739 1.7580e-06    87.1510    35.4176    35.4823       1177   1176.000          1  -33.91894  151.12990  0.000e+00
   16.8935   4.544415    151.699    17.0124   4.538881    211.579    211.673 8.6212e-07    92.0252    35.5062    35.4524        396    395.000          1  -33.88567  151.18259  0.000e+00
   16.9462   4.540714    141.175    17.0031   4.548946    219.036    210.921 3.7559e-06    89.9533    35.4837    35.4631        422    421.000          1  -33.88678  151.18083  0.000e+00
   16.9384   4.533643    153.556    17.0887   4.540366    213.904    216.430 1.8414e-06    92.3560    35.4863    35.5163        919    918.000          1  -33.90795  151.14731  0.000e+00
   17.0203   4.540616    142.571    17.1248   4.535046    213.605    205.578 1.2226e-06    90.0659    35.4425    35.4481       1007   1006.000          1  -33.91170  151.14137  0.000e+00
   17.0110   4.541871    145.648    17.0828   4.546010    212.287    203.327 3.5465e-07    87.7352    35.4719    35.4436        676    675.000          1  -33.89760  151.16370  0.000e+00
