live_data_feed_simulation/test_output.cnv
* Sea-Bird SBE 9 Data File:
* FileName = test_output.hex
* Software Version Seasave V 7.26.7.110
* Temperature SN = 5932
* Conductivity SN = 3168
* Number of Bytes Per Scan = 41
* Number of Voltage Words = 4
* Number of Scans Averaged by the Deck Unit = 1
* NMEA Latitude = 35 34.48 S
* NMEA Longitude = 154 18.57 E
* NMEA UTC (Time) = Sep 28 2025  00:58:07
** Operator: Ella
** CTD config:
** Ship: Investigator
** Cruise: in2020_v09
** Station:  7
** Latitude:
** Longitude:
** Depth:
# nquan = 17
# nvalues = 0
# units = specified
# name 0 = t090C: Temperature [ITS-90, deg C]
# name 1 = c0S/m: Conductivity [S/m]
# name 2 = prDM: Pressure, Digiquartz [db]
# name 3 = t190C: Temperature, 2 [ITS-90, deg C]
# name 4 = c1S/m: Conductivity, 2 [S/m]
# name 5 = sbeox0Mm/L: Oxygen, SBE 43 [umol/l]
# name 6 = sbeox1Mm/L: Oxygen, SBE 43, 2 [umol/l]
# name 7 = par: PAR/Irradiance, Biospherical/Licor [umol photons/m^2/sec]
# name 8 = CStarTr0: Beam Transmission, WET Labs C-Star [%]
# name 9 = sal00: Salinity, Practical [PSU]
# name 10 = sal11: Salinity, Practical, 2 [PSU]
# name 11 = scan: Scan Count
# name 12 = timeS: Time, Elapsed [seconds]
# name 13 = pumps: Pump Status
# name 14 = latitude: Latitude [deg]
# name 15 = longitude: Longitude [deg]
# name 16 = flag: 0.000e+00
# span 0 =      12.3276,      21.6890
# span 1 =     4.055418,     5.027629
# span 2 =        1.956,      292.795
# span 3 =      12.3361,      21.6988
# span 4 =     4.055566,     5.027419
# span 5 =     172.3590,     253.4380
# span 6 =     168.4760,     247.1880
# span 7 =   1.0000e-12,   3.2782e-05
# span 8 =      84.6324,      98.2135
# span 9 =      35.0889,      35.8769
# span 10 =      35.0814,      35.8393
# span 11 =            1,       304611
# span 12 =       0.0000,   12692.0830
# span 13 =            1,            1
# span 14 =     -35.5746,     -35.2062
# span 15 =     154.3095,     154.3313
# span 16 =   0.0000e+00,   0.0000e+00
# interval = seconds: 0.1
# start_time = Sep 28 2025 00:58:07 [System UTC, first data scan.]
# bad_flag = -9.99e-29
*END*
   17.0066   4.541426    147.373    17.0191   4.541450    212.981    208.092 1.5818e-05    91.2960    35.4825    35.4616          1      0.000          1  -35.57462  154.30962  0.000e+00
   17.0060   4.541631    147.568    17.0213   4.541078    212.774    208.248 1.7677e-05    91.3289    35.4821    35.4625          2      0.100          1  -35.57459  154.30960  0.000e+00
   17.0059   4.541668    147.539    17.0204   4.541094    212.742    208.346 1.6573e-05    91.1453    35.4830    35.4603          3      0.200          1  -35.57461  154.30959  0.000e+00
   17.0060   4.541935    147.642    17.0199   4.541328    212.614    208.589 1.8052e-05    91.1046    35.4829    35.4597          4      0.300          1  -35.57458  154.30969  0.000e+00
   17.0061   4.541673    147.426    17.0161   4.541117    212.596    208.523 1.7916e-05    91.0382    35.4844    35.4613          5      0.400          1  -35.57460  154.30960  0.000e+00
   17.0047   4.541290    147.576    17.0157   4.541228    212.634    208.332 1.7655e-05    90.9552    35.4855    35.4614          6      0.500          1  -35.57460  154.30967  0.000e+00
   17.0015   4.541021    147.399    17.0158   4.540988    212.537    208.253 1.8039e-05    91.0357    35.4855    35.4615          7      0.600          1  -35.57459  154.30970  0.000e+00
   16.9984   4.541435    147.360    17.0143   4.540968    212.737    208.350 1.0000e-12    91.0865    35.4839    35.4616          8      0.700          1  -35.57455  154.30975  0.000e+00
   17.0005   4.541359    147.357    17.0193   4.540885    212.675    208.409 2.0042e-06    91.1297    35.4830    35.4614          9      0.800          1  -35.57454  154.30981  0.000e+00
   17.0004   4.541117    147.200    17.0186   4.540873    212.766    208.294 3.5434e-06    91.0562    35.4829    35.4603         10      0.900          1  -35.57452  154.30980  0.000e+00
   16.9984   4.541093    147.105    17.0185   4.540654    212.491    208.299 1.0000e-12    91.0000    35.4831    35.4595         11      1.000          1  -35.57453  154.30987  0.000e+00
   17.0012   4.541034    147.017    17.0205   4.541031    212.051    208.608 1.2320e-06    90.9748    35.4825    35.4593         12      1.100          1  -35.57456  154.30977  0.000e+00
   17.0028   4.541234    146.988    17.0239   4.541336    212.186    208.340 1.5175e-07    91.0756    35.4825    35.4575         13      1.200          1  -35.57457  154.30979  0.000e+00
   17.0005   4.540850    147.305    17.0235   4.541322    212.027    208.593 1.1951e-06    91.1235    35.4821    35.4571         14      1.300          1  -35.57448  154.30985  0.000e+00
   17.0015   4.541090    147.474    17.0231   4.541401    211.955    208.401 3.9629e-06    90.9803    35.4818    35.4575         15      1.400          1  -35.57450  154.30984  0.000e+00
   17.0041   4.541249    147.386    17.0244   4.541249    211.853    208.291 1.8985e-06    90.8869    35.4808    35.4567         16      1.500          1  -35.57449  154.30985  0.000e+00
   17.0027   4.541703    147.345    17.0251   4.541207    211.650    208.633 1.4589e-07    91.0491    35.4805    35.4570         17      1.600          1  -35.57446  154.30988  0.000e+00
   17.0084   4.541761    147.280    17.0267   4.541209    211.740    208.763 1.9381e-06    91.0087    35.4802    35.4578         18      1.700          1  -35.57462  154.30995  0.000e+00
   17.0100   4.541756    147.512    17.0273   4.541060    211.823    208.617 3.1763e-06    91.0608    35.4801    35.4572         19      1.800          1  -35.57459  154.30990  0.000e+00
   17.0134   4.541489    147.558    17.0344   4.541258    211.620    208.628 1.7780e-06    91.1991    35.4805    35.4575         20      1.900          1  -35.57450  154.30993  0.000e+00
   17.0150   4.541384    147.438    17.0433   4.541493    211.533    208.605 3.0857e-06    91.2695    35.4808    35.4566         21      2.000          1  -35.57453  154.30994  0.000e+00
   17.0157   4.541339    147.255    17.0428   4.541557    211.623    208.424 4.5419e-06    91.2022    35.4802    35.4583         22      2.100          1  -35.57456  154.30994  0.000e+00
   17.0111   4.541480    146.960    17.0418   4.541908    211.343    207.996 4.1173e-06    91.1863    35.4806    35.4582         23      2.200          1  -35.57460  154.30992  0.000e+00
   17.0070   4.541272    147.044    17.0400   4.541984    211.236    207.723 2.8301e-06    91.2569    35.4817    35.4586         24      2.300          1  -35.57460  154.30996  0.000e+00
   17.0072   4.541643    147.163    17.0419   4.542288    211.369    207.774 3.3204e-06    91.1526    35.4822    35.4590         25      2.400          1  -35.57459  154.31008  0.000e+00
   17.0087   4.541958    147.300    17.0451   4.542355    211.369    207.984 3.6307e-06    91.1045    35.4823    35.4581         26      2.500          1  -35.57458  154.30995  0.000e+00
   17.0146   4.542040    147.173    17.0427   4.542319    211.145    207.785 2.9598e-06    91.2087    35.4843    35.4584         27      2.600          1  -35.57456  154.30992  0.000e+00
   17.0169   4.542161    147.318    17.0441   4.542114    211.342    207.871 2.7431e-06    91.2462    35.4836    35.4612         28      2.700          1  -35.57453  154.30986  0.000e+00
   17.0186   4.541949    147.450    17.0433   4.542134    211.351    207.898 3.5483e-06    91.1948    35.4846    35.4640         29      2.800          1  -35.57456  154.30980  0.000e+00
   17.0188   4.542091    147.519    17.0473   4.542353    211.192    207.963 3.2880e-06    91.1707    35.4855    35.4658         30      2.900          1  -35.57459  154.30975  0.000e+00
   17.0210   4.542197    147.627    17.0444   4.542516    211.475    208.103 1.0000e-12    91.2293    35.4860    35.4652         31      3.000          1  -35.57460  154.30977  0.000e+00
   17.0201   4.542101    147.877    17.0414   4.542626    211.415    208.112 7.2319e-07    91.1584    35.4878    35.4632         32      3.100          1  -35.57460  154.30981  0.000e+00
   17.0157   4.542220    147.944    17.0418   4.542554    211.371    207.996 1.0000e-12    91.2427    35.4879    35.4624         33      3.200          1  -35.57461  154.30980  0.000e+00
   17.0189   4.541956    147.621    17.0395   4.542581    211.260    207.914 2.3555e-07    91.1859    35.4873    35.4650         34      3.300          1  -35.57460  154.30984  0.000e+00
   17.0159   4.542115    147.298    17.0445   4.542709    211.237    208.071 8.4870e-07    91.1770    35.4887    35.4645         35      3.400          1  -35.57459  154.30980  0.000e+00
   17.0216   4.542133    147.282    17.0446   4.542327    211.584    208.026 1.0864e-06    91.2790    35.4884    35.4642         36      3.500          1  -35.57458  154.30975  0.000e+00
   17.0255   4.542045    147.750    17.0488   4.542238    211.423    208.187 2.2186e-06    91.2324    35.4879    35.4630         37      3.600          1  -35.57456  154.30976  0.000e+00
   17.0260   4.542089    147.986    17.0467   4.542320    211.208    208.285 5.4110e-06    91.1733    35.4879    35.4606         38      3.700          1  -35.57446  154.30980  0.000e+00
   17.0312   4.542555    147.962    17.0481   4.542552    210.825    208.061 6.9652e-06    91.0950    35.4882    35.4630         39      3.800          1  -35.57451  154.30976  0.000e+00
   17.0293   4.542806    147.960    17.0453   4.542489    210.920    208.065 7.7580e-06    91.2136    35.4883    35.4630         40      3.900          1  -35.57449  154.30972  0.000e+00
   17.0311   4.542695    147.896    17.0445   4.542264    211.267    208.242 6.7377e-06    91.2114    35.4871    35.4634         41      4.000          1  -35.57443  154.30970  0.000e+00
   17.0293   4.542654    148.056    17.0434   4.542645    211.275    208.528 6.7642e-06    91.2730    35.4862    35.4633         42      4.100          1  -35.57437  154.30975  0.000e+00
   17.0302   4.542924    148.291    17.0442   4.542700    211.041    208.812 8.8844e-06    91.1833    35.4861    35.4640         43      4.200          1  -35.57434  154.30972  0.000e+00
   17.0319   4.543021    148.015    17.0473   4.542591    210.778    208.946 8.5597e-06    91.2578    35.4860    35.4628         44      4.300          1  -35.57438  154.30972  0.000e+00
   17.0332   4.542848    147.810    17.0469   4.542569    210.790    208.895 9.1178e-06    91.1600    35.4858    35.4619         45      4.400          1  -35.57442  154.30970  0.000e+00
   17.0350   4.542757    147.837    17.0460   4.542787    210.539    209.146 1.3170e-05    91.0016    35.4860    35.4616         46      4.500          1  -35.57442  154.30971  0.000e+00
   17.0363   4.542553    147.869    17.0461   4.543164    210.896    208.800 1.3818e-05    91.0642    35.4846    35.4623         47      4.600          1  -35.57438  154.30967  0.000e+00
   17.0324   4.542645    147.893    17.0491   4.543504    210.720    208.507 1.3808e-05    91.0342    35.4845    35.4630         48      4.700          1  -35.57439  154.30963  0.000e+00
   17.0326   4.542574    148.108    17.0460   4.543706    210.479    208.117 1.4555e-05    91.2208    35.4838    35.4629         49      4.800          1  -35.57439  154.30969  0.000e+00
   17.0296   4.542497    148.315    17.0437   4.543719    210.113    208.102 1.3101e-05    91.1905    35.4828    35.4623         50      4.900          1  -35.57431  154.30972  0.000e+00
   17.0319   4.542660    148.371    17.0481   4.543490    210.165    208.042 1.4357e-05    91.3070    35.4816    35.4607         51      5.000          1  -35.57433  154.30968  0.000e+00
   17.0303   4.542521    148.389    17.0530   4.543453    210.198    207.870 1.2733e-05    91.4023    35.4808    35.4603         52      5.100          1  -35.57435  154.30969  0.000e+00
   17.0337   4.542179    148.212    17.0484   4.543177    210.428    208.009 1.2786e-05    91.5120    35.4820    35.4601         53      5.200          1  -35.57421  154.30958  0.000e+00
   17.0309   4.542360    148.207    17.0514   4.543341    210.410    208.090 1.1510e-05    91.5323    35.4828    35.4587         54      5.300          1  -35.57415  154.30960  0.000e+00
   17.0308   4.542307    148.174    17.0448   4.543465    210.673    207.833 1.3461e-05    91.5084    35.4828    35.4585         55      5.400          1  -35.57420  154.30968  0.000e+00
   17.0302   4.542165    148.107    17.0411   4.543561    210.668    207.963 1.5753e-05    91.5667    35.4845    35.4592         56      5.500          1  -35.57416  154.30969  0.000e+00
   17.0328   4.542330    147.954    17.0433   4.543482    210.695    208.089 1.6186e-05    91.6254    35.4832    35.4594         57      5.600          1  -35.57412  154.30973  0.000e+00
   17.0274   4.541980    147.983    17.0430   4.543251    210.545    207.949 1.8605e-05    91.7080    35.4818    35.4594         58      5.700          1  -35.57416  154.30968  0.000e+00
   17.0245   4.542007    148.332    17.0390   4.543346    210.760    207.894 1.0000e-12    91.7793    35.4835    35.4587         59      5.800          1  -35.57414  154.30971  0.000e+00
   17.0227   4.541762    148.295    17.0361   4.542918    210.708    207.640 2.4481e-06    91.8030    35.4843    35.4606         60      5.900          1  -35.57412  154.30975  0.000e+00
   17.0172   4.541637    148.164    17.0338   4.542980    211.015    207.624 2.3589e-06    91.9700    35.4834    35.4602         61      6.000          1  -35.57403  154.30975  0.000e+00
   17.0153   4.541269    148.177    17.0322   4.542723    210.878    207.481 2.8659e-06    91.7746    35.4828    35.4598         62      6.100          1  -35.57405  154.30981  0.000e+00
   17.0181   4.541057    148.260    17.0287   4.542460    210.756    207.319 1.0000e-12    91.8778    35.4819    35.4594         63      6.200          1  -35.57408  154.30983  0.000e+00
   17.0199   4.541220    148.454    17.0260   4.542277    210.708    207.141 5.9050e-07    91.7740    35.4812    35.4585         64      6.300          1  -35.57406  154.30977  0.000e+00
   17.0189   4.540893    148.530    17.0287   4.542409    210.719    207.561 2.4387e-07    91.9301    35.4809    35.4562         65      6.400          1  -35.57401  154.30975  0.000e+00
   17.0157   4.540666    148.501    17.0309   4.542132    210.789    207.753 6.4741e-08    91.8878    35.4800    35.4555         66      6.500          1  -35.57399  154.30971  0.000e+00
   17.0116   4.540545    148.513    17.0297   4.542327    210.706    207.920 1.0000e-12    91.9239    35.4815    35.4556         67      6.600          1  -35.57400  154.30972  0.000e+00
   17.0096   4.540395    148.501    17.0307   4.542028    210.950    208.082 6.0563e-07    92.0725    35.4819    35.4545         68      6.700          1  -35.57406  154.30967  0.000e+00
   17.0182   4.540365    148.346    17.0340   4.541959    211.117    208.221 1.2693e-07    91.8405    35.4816    35.4543         69      6.800          1  -35.57405  154.30978  0.000e+00
   17.0179   4.540555    148.393    17.0331   4.541475    210.834    208.306 1.9710e-08    91.7657    35.4817    35.4551         70      6.900          1  -35.57401  154.30977  0.000e+00
   17.0167   4.540462    148.211    17.0371   4.541136    211.214    208.292 2.1054e-06    91.6677    35.4807    35.4557         71      7.000          1  -35.57403  154.30972  0.000e+00
   17.0260   4.540795    148.226    17.0366   4.541144    211.286    208.008 2.0281e-06    91.5083    35.4818    35.4548         72      7.100          1  -35.57403  154.30972  0.000e+00
   17.0250   4.540688    148.369    17.0371   4.541545    211.449    207.970 2.7402e-06    91.5515    35.4808    35.4567         73      7.200          1  -35.57398  154.30981  0.000e+00
   17.0213   4.540621    148.477    17.0357   4.541689    211.386    208.136 1.0000e-12    91.6128    35.4805    35.4582         74      7.300          1  -35.57390  154.30979  0.000e+00
   17.0237   4.540611    148.083    17.0377   4.541657    211.299    208.005 9.5137e-07    91.6274    35.4796    35.4584         75      7.400          1  -35.57384  154.30985  0.000e+00
   17.0236   4.540572    148.100    17.0427   4.541412    211.358    207.861 1.1366e-06    91.6455    35.4801    35.4587         76      7.500          1  -35.57387  154.30984  0.000e+00
   17.0262   4.540499    148.305    17.0479   4.541399    211.456    207.746 3.0057e-07    91.6789    35.4819    35.4576         77      7.600          1  -35.57389  154.30986  0.000e+00
   17.0264   4.540494    148.155    17.0453   4.541248    211.664    207.652 1.0000e-12    91.8151    35.4825    35.4572         78      7.700          1  -35.57385  154.30989  0.000e+00
   17.0289   4.540348    147.956    17.0426   4.541356    211.582    207.682 1.7690e-06    91.8099    35.4820    35.4569         79      7.800          1  -35.57389  154.30993  0.000e+00
   17.0346   4.540635    147.828    17.0418   4.541316    211.170    208.069 1.1402e-06    91.8606    35.4820    35.4574         80      7.900          1  -35.57395  154.30998  0.000e+00
   17.0362   4.540854    147.749    17.0429   4.540939    211.274    208.469 1.6118e-06    92.1740    35.4822    35.4571         81      8.000          1  -35.57401  154.31000  0.000e+00
   17.0342   4.540635    148.173    17.0397   4.541026    211.424    208.626 1.5058e-06    92.2641    35.4807    35.4579         82      8.100          1  -35.57393  154.30998  0.000e+00
   17.0381   4.540838    148.139    17.0441   4.540561    211.597    208.369 6.4529e-07    92.5125    35.4806    35.4569         83      8.200          1  -35.57393  154.30989  0.000e+00
   17.0371   4.540713    148.209    17.0511   4.540969    211.647    208.522 6.8933e-07    92.5324    35.4810    35.4563         84      8.300          1  -35.57387  154.30988  0.000e+00
   17.0362   4.540454    148.070    17.0508   4.540903    211.821    208.458 2.2678e-06    92.6875    35.4813    35.4565         85      8.400          1  -35.57386  154.30984  0.000e+00
