live_data_feed_simulation/test_output.cnv
* Sea-Bird SBE 9 Data File:
* FileName = test_output.hex
* Software Version Seasave V 7.26.7.110
* Temperature SN = 5932
* Conductivity SN = 3168
* Number of Bytes Per Scan = 41
* Number of Voltage Words = 4
* Number of Scans Averaged by the Deck Unit = 1
* NMEA Latitude = 35 34.48 S
* NMEA Longitude = 154 18.57 E
* NMEA UTC (Time) = Sep 28 2025  00:58:07
** Operator: Ella
** CTD config:
** Ship: Investigator
** Cruise: in2020_v09
** Station:  7
** Latitude:
** Longitude:
** Depth:
# nquan = 17
# nvalues = 0
# units = specified
# name 0 = t090C: Temperature [ITS-90, deg C]
# name 1 = c0S/m: Conductivity [S/m]
# name 2 = prDM: Pressure, Digiquartz [db]
# name 3 = t190C: Temperature, 2 [ITS-90, deg C]
# name 4 = c1S/m: Conductivity, 2 [S/m]
# name 5 = sbeox0Mm/L: Oxygen, SBE 43 [umol/l]
# name 6 = sbeox1Mm/L: Oxygen, SBE 43, 2 [umol/l]
# name 7 = par: PAR/Irradiance, Biospherical/Licor [umol photons/m^2/sec]
# name 8 = CStarTr0: Beam Transmission, WET Labs C-Star [%]
# name 9 = sal00: Salinity, Practical [PSU]
# name 10 = sal11: Salinity, Practical, 2 [PSU]
# name 11 = scan: Scan Count
# name 12 = timeS: Time, Elapsed [seconds]
# name 13 = pumps: Pump Status
# name 14 = latitude: Latitude [deg]
# name 15 = longitude: Longitude [deg]
# name 16 = flag: 0.000e+00
# span 0 =      12.3276,      21.6890
# span 1 =     4.055418,     5.027629
# span 2 =        1.956,      292.795
# span 3 =      12.3361,      21.6988
# span 4 =     4.055566,     5.027419
# span 5 =     172.3590,     253.4380
# span 6 =     168.4760,     247.1880
# span 7 =   1.0000e-12,   3.2782e-05
# span 8 =      84.6324,      98.2135
# span 9 =      35.0889,      35.8769
# span 10 =      35.0814,      35.8393
# span 11 =            1,       304611
# span 12 =       0.0000,   12692.0830
# span 13 =            1,            1
# span 14 =     -35.5746,     -35.2062
# span 15 =     154.3095,     154.3313
# span 16 =   0.0000e+00,   0.0000e+00
# interval = seconds: 0.1
# start_time = Sep 28 2025 00:58:07 [System UTC, first data scan.]
# bad_flag = -9.99e-29
*END*
[from data line 86]
   17.0284   4.540376    148.549    17.0484   4.541241    212.192    208.253 2.8076e-06    92.4724    35.4811    35.4577         87      8.600          1  -35.57392  154.30985  0.000e+00
   17.0326   4.540244    148.489    17.0509   4.541309    212.084    207.974 1.3645e-06    92.4829    35.4815    35.4582         88      8.700          1  -35.57392  154.30985  0.000e+00
   17.0292   4.540276    148.496    17.0523   4.541209    211.753    207.995 7.7889e-07    92.2936    35.4804    35.4584         89      8.800          1  -35.57399  154.30991  0.000e+00
   17.0308   4.540410    148.328    17.0532   4.541190    211.959    208.046 2.5881e-06    92.2804    35.4809    35.4605         90      8.900          1  -35.57395  154.30992  0.000e+00
   17.0296   4.540568    148.365    17.0513   4.541124    211.958    207.941 2.1082e-06    92.4824    35.4815    35.4581         91      9.000          1  -35.57395  154.31004  0.000e+00
   17.0323   4.540261    148.264    17.0570   4.541158    211.674    208.081 3.2607e-06    92.3723    35.4812    35.4580         92      9.100          1  -35.57389  154.31009  0.000e+00
   17.0364   4.540360    148.428    17.0574   4.541054    211.350    208.323 4.0178e-06    92.2754    35.4835    35.4587         93      9.200          1  -35.57395  154.31010  0.000e+00
   17.0350   4.540156    148.409    17.0591   4.540772    211.418    208.248 3.5318e-06    92.3930    35.4842    35.4592         94      9.300          1  -35.57388  154.31020  0.000e+00
   17.0390   4.539841    148.444    17.0613   4.540660    211.536    208.350 4.2539e-06    92.4187    35.4846    35.4609         95      9.400          1  -35.57384  154.31022  0.000e+00
   17.0390   4.539821    148.383    17.0579   4.540890    211.235    208.388 5.6625e-06    92.4258    35.4841    35.4618         96      9.500          1  -35.57389  154.31023  0.000e+00
   17.0373   4.539799    148.355    17.0576   4.540801    210.971    208.527 5.0839e-06    92.4588    35.4832    35.4625         97      9.600          1  -35.57389  154.31031  0.000e+00
   17.0388   4.540124    148.185    17.0579   4.540585    211.053    208.520 5.8798e-06    92.2230    35.4830    35.4621         98      9.700          1  -35.57391  154.31031  0.000e+00
   17.0446   4.540188    148.195    17.0597   4.540644    210.553    208.426 6.9418e-06    92.2764    35.4845    35.4613         99      9.800          1  -35.57386  154.31028  0.000e+00
   17.0408   4.540258    148.086    17.0601   4.540763    210.708    208.566 1.0000e-12    92.1685    35.4828    35.4593        100      9.900          1  -35.57393  154.31028  0.000e+00
